GeneName	GeneDescription	Rpd3	mac1	FG1_H4_H6	FG1_H7_H9	FG1_H10_H12	FG1_H13_H15	FG15_H4_H6	FG1_H16_H18	FG6_H1_H3	FG15_H7_H9	FG15_H10_H12	FG15_H13_H15	FG15_H16_H18	FG15_H19_H21	FG19_H10-12	FG2_H4_H6	FG6_H4_H6	FG6_H7_H9	FG13_H4_H6	FG13_H13_H15	FG14_H1_H4s	FG19_H4-6	FG19_H7-9	FG19_H13-14	FG5_H6_H8	FG5_H21_H25	FG5_H26_H28	FG13_H7_H9	FG16_H4_H6	FG5_H11_14	FG5_H16_H18	FG12_H1_H4	FG12_H5_H8	FG12_H9_H11	DESCRIPTION	MMN	FG10_H1_H3	FG11_H4_H6	FG11_H7_H9	FG18_H4_H6	MMC	FG2_H7_H9	FG13_H16_H18	FG16_H7_H9	FG16_H10_H12	HP1	Hos2	PH1	cpka	FG7_H4_H6	FG7_H7_H9	FG7_H10_H12	FG19_H15-17	
null-0.5861592	0	53	532
null-0.3242941	1	24	523
null-1.2157001	2	17	513
null1.6802254	1	29	522
null-1.086298	2	21	512
null-0.5560727	3	10	503
null-0.25481224	3	11	502
===========
FGSG_00004	0.26942968		0.03169608116149902	-0.10333991050720215	0.04149341583251953	-0.10289359092712402	-0.10727357864379883	0.31107640266418457	1.4050567150115967	3.3913333415985107	3.8508899211883545	1.9331262111663818	1.076446294784546	4.008803367614746	5.863800048828125	5.804599761962891	1.6173369884490967	7.913443565368652	1.0989463329315186	1.2148001194000244	0.7942233085632324	1.7931265830993652	6.768672943115234	0.13976693153381348	0.011066913604736328	4.799787521362305	-0.19850730895996094	1.1287376880645752	0.13974595069885254	-1.0204169750213623	-1.478006362915039	1.039888620376587	2.071702718734741	-4.269289970397949	-4.393557548522949	-4.109796524047852		-0.05996108055114746	0.06546306610107422	-0.03349637985229492	-0.1310863494873047	0.04761981964111328	1.6258370876312256	-0.20706653594970703	0.013089895248413086	-1.663482666015625	-1.0315093994140625	-0.06355774402618408	0.1794567108154297	0.17313933372497559	0.19211959838867188	-0.27147626876831055	-0.2803232669830322	-0.49430298805236816	0.07765030860900879
FGSG_00005	-0.12113476		-0.29317808151245117	0.5294227600097656	0.22746658325195312	0.16658687591552734	-0.09858036041259766	0.06770992279052734	-0.31301021575927734	1.7961764335632324	0.6407537460327148	0.6047334671020508	-0.18648338317871094	1.034989833831787	2.664750099182129	2.4264464378356934	1.2059235572814941	5.051523685455322	-0.17566680908203125	-0.17040348052978516	1.620436668395996	1.9516167640686035	3.264822483062744	-0.007763146888464689	0.3979301452636719	6.680088996887207	-0.2004075050354004	0.3400440216064453	-0.15749073028564453	-0.29853010177612305	0.16107702255249023	0.429715633392334	0.7136359214782715	-1.602221965789795	-1.3755297660827637	-1.6472406387329102		-0.30631589889526367	-0.15596961975097656	0.31414365768432617	0.16722393035888672	-0.05182671546936035	0.28893566131591797	-0.21480369567871094	-0.1588597297668457	-0.2705063819885254	-0.22694730758666992	-0.17753911018371582	-0.2190690040588379	-0.49010133743286133	-0.28212857246398926	0.25478672981262207	0.10786700248718262	-0.0879366397857666	0.08653020858764648
FGSG_00060	0.11961579		-0.030096769332885742	0.09483647346496582	0.053709983825683594	-0.1411733627319336	-0.11616015434265137	0.2204601764678955	1.3199334144592285	3.8751931190490723	7.891623497009277	3.003889560699463	2.946126937866211	4.461122989654541	6.87834358215332	6.385796546936035	2.715700626373291	-0.25406646728515625	0.9408302307128906	0.7465066909790039	3.7222564220428467	1.4283270835876465	0.14124202728271484	0.03657650947570801	1.2155466079711914	1.5735716819763184	-4.8713178634643555	-4.878854274749756	-5.142217636108398	-0.4160633087158203	-2.2645530700683594	-4.8566694259643555	-5.000067710876465	0.7530570030212402	0.8288874626159668	4.1871185302734375		0.05723142623901367	-0.1161797046661377	-1.2810468673706055	-1.05275297164917	-0.005313396919518709	0.16749000549316406	-0.02581310272216797	-0.18348979949951172	-3.3315300941467285	0.5790367126464844	0.03354382514953613	-0.02377796173095703	0.17439675331115723	0.11472678184509277	0.011590003967285156	-0.11634659767150879	-0.12275981903076172	-0.1847832202911377
FGSG_00062	0.33462596		0.040317535400390625	0.15153002738952637	-0.10908341407775879	0.028219938278198242	-0.16755008697509766	1.8824639320373535	0.8425164222717285	4.952610015869141	8.806640625	3.7223100662231445	3.9726204872131348	5.4546003341674805	7.769113540649414	7.466453552246094	6.697516441345215	-0.04420304298400879	0.48592662811279297	0.5333867073059082	5.785696506500244	2.1584529876708984	-0.004889965057373047	1.3739497661590576	3.4088332653045654	4.46848201751709	-6.027060508728027	-6.177548408508301	-6.522470474243164	0.9802303314208984	-1.7539091110229492	-5.89827823638916	-6.155263900756836	1.1838798522949219	0.9907732009887695	4.741815567016602		0.5923302173614502	0.2738761901855469	-1.3202934265136719	-1.1828498840332031	0.06287670135498047	0.19619369506835938	0.10381674766540527	0.26018333435058594	-2.5274691581726074	0.3794746398925781	0.29634952545166016	0.26393795013427734	-0.019208908081054688	0.27560901641845703	0.34101009368896484	0.39453697204589844	0.41827988624572754	0.0924532413482666
FGSG_00096	0.3469802		0.2879142761230469	0.9106032848358154	1.003539800643921	1.5248496532440186	2.955003499984741	3.9729859828948975	2.585192918777466	4.721606254577637	1.7895729541778564	5.8939361572265625	5.762413024902344	7.201003074645996	7.524469375610352	7.023122787475586	5.680753707885742	-0.3592500686645508	2.0518128871917725	1.7762534618377686	6.922880172729492	4.21531343460083	-0.19731998443603516	0.019480228424072266	0.9075465202331543	3.580780267715454	-1.220740556716919	-1.1019279956817627	-1.2436370849609375	-0.12485647201538086	-1.1672487258911133	-1.0722813606262207	-1.0529706478118896	1.5903701782226562	1.651662826538086	4.895322799682617		0.5457863807678223	-0.6261296272277832	-0.45088768005371094	-0.23255443572998047	0.024899959564208984	0.2647123336791992	-0.16994667053222656	-0.17302680015563965	-1.0390691757202148	-0.7724428176879883	0.19995272159576416	0.19306647777557373	0.3920191526412964	0.4452979564666748	-0.073089599609375	0.03253674507141113	-0.2420797348022461	-0.13684988021850586
FGSG_00171	0.6516118		0.6921639442443848	-0.2962827682495117	-0.2745933532714844	-0.42194271087646484	-0.7860698699951172	-0.5703530311584473	1.0750398635864258	-0.3692898750305176	3.124236583709717	1.3226337432861328	1.2212438583374023	1.064380168914795	3.487846851348877	3.2122998237609863	6.491579055786133	0.44156646728515625	-0.0675497055053711	-0.08774328231811523	2.4184703826904297	2.499263286590576	-0.4315977096557617	5.922462463378906	5.588762283325195	5.6693115234375	-4.935519218444824	-3.841522216796875	-3.823439121246338	-0.18303966522216797	-0.10933685302734375	-4.443346977233887	-4.602175235748291	3.7205119132995605	3.3119521141052246	3.379249095916748		0.48755741119384766	0.856236457824707	0.4849662780761719	-0.20443010330200195	0.15657997131347656	0.6634840965270996	0.3158235549926758	0.02421712875366211	0.6940860748291016	-1.4892635345458984	0.5301461219787598	0.8233561515808105	0.3545341491699219	0.5898580551147461	0.46294355392456055	0.28005361557006836	0.4499201774597168	-0.0705571174621582
FGSG_00184	1.1416695		0.9848439693450928	-1.02142333984375	-0.835137128829956	-0.7192432880401611	-0.2444467544555664	0.12901639938354492	0.7651162147521973	0.685309886932373	4.207262992858887	2.852212905883789	3.229489803314209	3.849209785461426	2.767956256866455	2.3063931465148926	3.9687836170196533	-1.1892602443695068	-0.8782901763916016	-0.8589036464691162	2.5064802169799805	-0.0808095932006836	2.0687875747680664	2.4950997829437256	2.231333017349243	3.340623140335083	-3.516906261444092	-4.803220272064209	-4.915666580200195	-2.485927104949951	-1.8960766792297363	-4.791961669921875	-5.027449607849121	-0.33420562744140625	-0.44600582122802734	0.012196063995361328		0.251115083694458	0.052846431732177734	-0.05580615997314453	0.0883932113647461	-0.41804027557373047	0.07569742202758789	-0.9023034572601318	-2.460099697113037	-1.280663013458252	0.9864568710327148	1.1757662296295166	1.115818738937378	0.3364088535308838	0.4431455135345459	0.07948970794677734	0.5365498065948486	1.3679964542388916	0.15049314498901367
FGSG_00199	-0.11309993		-0.31712639331817627	-2.1819698810577393	-2.207679510116577	-2.2411396503448486	-0.7416563034057617	0.2886934280395508	-1.0436632633209229	3.1471171379089355	6.075550556182861	-0.003069878090173006	1.499824047088623	3.197523593902588	4.479440212249756	4.176609516143799	1.3667465448379517	-0.4269566535949707	4.954483509063721	4.361856937408447	-1.6073694229125977	1.8281395435333252	7.174808979034424	0.1683565378189087	0.08451998233795166	2.655904769897461	0.29653453826904297	0.7855815887451172	-0.08301830291748047	-5.2443132400512695	0.20845794677734375	0.4447622299194336	1.2346477508544922	-5.935987949371338	-5.790450572967529	-2.755497455596924		0.0749826431274414	-0.13070368766784668	-0.8826241493225098	-0.2042999267578125	2.626736640930176	3.3088176250457764	-1.1683764457702637	0.19223976135253906	0.29648685455322266	1.0320768356323242	-0.35327327251434326	-0.12089765071868896	0.029000282287597656	-0.20817792415618896	-0.1098630428314209	0.034236907958984375	0.023783445358276367	8.529999759048223E-4
FGSG_00221	0.06294632		0.14457440376281738	-0.5663900375366211	-0.4345400333404541	-0.1935100555419922	1.1181299686431885	2.033323049545288	0.7185800075531006	3.9294931888580322	5.127633094787598	3.4526097774505615	3.7475664615631104	6.143409729003906	6.3643798828125	5.793363571166992	3.8952362537384033	4.05426025390625	0.9567434787750244	0.6299433708190918	3.0855703353881836	0.7811734676361084	4.21625280380249	-0.08233356475830078	0.07035994529724121	6.710375785827637	-2.037327289581299	-6.039017200469971	-6.681552886962891	-2.811086654663086	-1.9152770042419434	-5.703121185302734	-5.67657995223999	-3.535592555999756	-3.563150405883789	-2.586513042449951		-0.014863014221191406	-0.6885335445404053	-0.5016136169433594	-0.08858299255371094	-0.10383319854736328	4.318245887756348	-0.33579349517822266	-0.040619850158691406	-0.5045166015625	-0.9985065460205078	-0.048377037048339844	-0.19410359859466553	0.2624990940093994	0.31061625480651855	0.12109661102294922	0.16691994667053223	-0.10127997398376465	-0.13037347793579102
FGSG_01603	0.25248146		0.42160987854003906	-1.1739001274108887	-1.2965500354766846	-0.428300142288208	-0.061406612396240234	0.0627298355102539	0.7034962177276611	0.7425930500030518	0.5260965824127197	3.157837152481079	1.8861629962921143	4.342769622802734	1.2549030780792236	1.099640130996704	3.6893537044525146	5.548813819885254	1.2108137607574463	0.5583665370941162	3.098259449005127	0.8398361206054688	-0.12650251388549805	0.5033566951751709	0.018396854400634766	3.374840021133423	-0.972923994064331	1.3734312057495117	0.11726236343383789	-0.7411866188049316	-3.6634864807128906	3.4573841094970703	3.683466911315918	0.7288398742675781	0.8359622955322266	1.5697636604309082		0.2991805076599121	-1.8009600639343262	-0.22640037536621094	0.12492942810058594	-0.009529590606689453	5.349648475646973	0.5256397724151611	-0.5982270240783691	-1.758802890777588	2.314446449279785	0.3171727657318115	0.038094520568847656	0.004193068016320467	0.23103833198547363	-0.2839064598083496	-0.1243128776550293	-0.422879695892334	-0.20062661170959473
FGSG_01818	0.21916485		0.7379875183105469	0.6470565795898438	0.5188732147216797	1.3458633422851562	3.0136537551879883	3.952542781829834	2.135530471801758	3.7723441123962402	2.8273167610168457	5.434306621551514	5.201173305511475	6.146425724029541	4.321580410003662	4.191199779510498	5.019539833068848	1.0695266723632812	2.569729804992676	3.334667205810547	4.542802333831787	3.44539737701416	2.1209006309509277	0.3020634651184082	0.3591036796569824	2.056746482849121	2.0941996574401855	1.3236756324768066	2.1598563194274902	-2.358053684234619	-4.1657891273498535	0.8704495429992676	0.7919631004333496	0.9874777793884277	0.7334046363830566	2.237328052520752		0.49173831939697266	-3.9124436378479004	0.3252906799316406	0.39653682708740234	0.14713668823242188	5.313701629638672	0.08893394470214844	-0.9581265449523926	-1.7692928314208984	-1.0707998275756836	0.7172839641571045	0.3661928176879883	0.7961018085479736	0.37297892570495605	0.8408067226409912	0.73490309715271	0.265549898147583	0.349123477935791
FGSG_02114	0.047896862		1.369199275970459	0.6713967323303223	0.514256477355957	0.5150063037872314	0.08538985252380371	-0.13439011573791504	1.4608569145202637	-0.06467342376708984	8.218283653259277	1.1706500053405762	0.8019528388977051	0.5245296955108643	0.534663200378418	0.6361532211303711	0.4071369171142578	-0.2778434753417969	1.8463263511657715	0.6459336280822754	1.00596284866333	2.320356845855713	8.537569046020508	0.22188663482666016	0.2191600799560547	0.11637163162231445	1.496281623840332	-3.79103422164917	-5.411575794219971	-0.3070802688598633	-0.7824668884277344	-0.35039806365966797	-1.3446292877197266	-5.319955348968506	-5.587595462799072	-5.127566337585449		0.5280852317810059	-0.024896621704101562	0.3110969066619873	-0.0963132381439209	2.9026362895965576	0.0999763011932373	0.652106761932373	0.029019832611083984	-0.2251567840576172	6.537576675415039	0.15535616874694824	-0.05125021934509277	-0.013742446899414062	0.06624031066894531	0.35186004638671875	0.17447304725646973	-0.06320357322692871	1.5387699604034424
FGSG_02206	0.11171436		0.2486112117767334	-0.6766901016235352	-0.8279833793640137	-0.8887133598327637	-0.5997467041015625	0.5092496871948242	0.7425432205200195	1.6167967319488525	2.1511566638946533	0.9370930194854736	2.445666551589966	2.9245030879974365	3.0160367488861084	2.482680082321167	-0.06374657154083252	-0.29227328300476074	0.6018567085266113	0.5418999195098877	4.021660327911377	1.2406134605407715	3.308741569519043	3.067786931991577	0.017060041427612305	8.42290210723877	0.6257052421569824	-2.2879080772399902	-2.170487880706787	1.4378166198730469	0.2271437644958496	-0.31354570388793945	-0.36469173431396484	-5.728429794311523	-5.797599792480469	-5.383735656738281		1.072681188583374	0.08804702758789062	-0.32439613342285156	0.2289438247680664	-1.0628228187561035	0.18747997283935547	0.06614327430725098	0.5475668907165527	1.1375536918640137	2.656886577606201	0.37682032585144043	0.07043743133544922	0.19307255744934082	-0.01287221908569336	0.3616466522216797	0.3748433589935303	1.4734134674072266	0.027193307876586914
FGSG_02267	0.02831173		3.673281669616699	-1.1796798706054688	-1.1964097023010254	0.30589985847473145	2.463930368423462	3.103106737136841	0.5955431461334229	3.625453233718872	3.0984103679656982	3.280367136001587	4.403193473815918	6.066837310791016	4.9959869384765625	5.102207183837891	3.635826587677002	-0.4713566303253174	0.33710694313049316	0.16857671737670898	2.10195255279541	-0.4748702049255371	-0.5351142883300781	1.0177867412567139	0.21304011344909668	0.8395814895629883	-2.121006965637207	-3.3518686294555664	-4.124590873718262	-4.034646987915039	-0.8422298431396484	-0.6356077194213867	-0.6527204513549805	-1.5367345809936523	-1.296689510345459	1.0482535362243652		0.6415395736694336	-1.5967998504638672	-0.8913202285766602	-0.3686838150024414	-1.7064309120178223	3.915511131286621	1.865983247756958	-1.63092041015625	-0.2123126983642578	-1.3128795623779297	0.056633710861206055	0.6628921031951904	-0.2830185890197754	0.13816618919372559	0.1310434341430664	0.15812015533447266	-0.21605992317199707	0.12866663932800293
FGSG_02353	-0.056589365		2.1373839378356934	-0.33220672607421875	-0.11251997947692871	0.4286532402038574	1.7762799263000488	1.7862706184387207	0.5062699317932129	2.469939708709717	1.22139310836792	2.2602334022521973	2.8690667152404785	3.838099479675293	2.7890830039978027	2.5940299034118652	2.762216567993164	-0.1903667449951172	-0.0176699161529541	0.06534004211425781	1.3849902153015137	-1.9942936897277832	-1.5930919647216797	-0.09763669967651367	1.182086706161499	0.2513551712036133	-4.674459457397461	-5.363543510437012	-5.320775985717773	-1.6922106742858887	-1.7620205879211426	-5.363089561462402	-5.517382621765137	-1.8949127197265625	-1.6965374946594238	-0.92547607421875		0.07697653770446777	-0.24218988418579102	-0.2002730369567871	-0.1840372085571289	-2.897433280944824	0.14785408973693848	0.7876429557800293	-2.4871039390563965	-0.8738431930541992	-2.7870306968688965	-0.14592242240905762	0.10429191589355469	-0.35703325271606445	0.05868363380432129	0.2009568214416504	0.11208343505859375	0.25037670135498047	-0.07297658920288086
FGSG_02667	-0.762223		0.33347225189208984	-0.9733703136444092	-1.4872400760650635	-1.0822601318359375	-1.055863380432129	0.17652320861816406	0.32563304901123047	2.414830207824707	7.6236724853515625	2.570833683013916	2.82340669631958	5.2880964279174805	5.288509368896484	4.3537397384643555	0.51127028465271	8.30343246459961	6.594836235046387	5.700225830078125	-2.510953903198242	0.06016969680786133	5.637214660644531	-0.3095831871032715	-0.19432640075683594	0.43723177909851074	2.8054895401000977	2.874265670776367	2.5068588256835938	-5.026163578033447	-2.9233431816101074	3.4225902557373047	3.2515649795532227	-4.724352836608887	-4.830125331878662	-2.0542707443237305		-0.7073125839233398	-0.07340335845947266	-0.9039516448974609	-0.4178752899169922	0.5343103408813477	7.369220733642578	0.6459193229675293	0.8885202407836914	-1.4414396286010742	3.1668567657470703	-0.5579249858856201	-1.1040465831756592	-1.3163371086120605	-0.46724939346313477	-0.0026397709734737873	-0.5864996910095215	-0.7981667518615723	0.055896759033203125
FGSG_02668	0.21885014		0.9131147861480713	0.5691263675689697	0.16267681121826172	0.3445732593536377	1.8324668407440186	3.9013259410858154	1.2630865573883057	6.261719703674316	9.533029556274414	6.147416114807129	6.791866302490234	8.26567268371582	8.022479057312012	7.423205375671387	2.3514461517333984	8.752476692199707	8.086103439331055	6.670586585998535	-0.6878423690795898	2.126422882080078	7.8738250732421875	-0.42487502098083496	-0.36730504035949707	0.9877400398254395	1.5161867141723633	1.381246566772461	0.7474393844604492	-7.848822593688965	-1.9177970886230469	1.8146419525146484	1.5895471572875977	-5.670282363891602	-5.428469657897949	-1.0646333694458008		-0.08202576637268066	-0.2578468322753906	-0.5332536697387695	-0.02587604522705078	-0.14865636825561523	8.453291893005371	0.2309267520904541	1.0028667449951172	-1.6510276794433594	1.0913963317871094	-0.1016085147857666	-0.3173372745513916	-0.32990217208862305	-0.013983488082885742	-0.9626798629760742	-0.9365828037261963	-1.2045097351074219	-0.57973313331604
FGSG_02681	-0.00356245		2.7199389934539795	-0.27943968772888184	-0.8183233737945557	0.21470355987548828	1.102726936340332	1.1823501586914062	0.701446533203125	0.638033390045166	-0.2310798168182373	2.607720375061035	1.9158167839050293	2.793290138244629	0.725369930267334	0.42818355560302734	4.812816619873047	5.772806644439697	0.24259710311889648	-0.14537668228149414	3.234936237335205	2.647706985473633	-0.25811195373535156	1.5143530368804932	2.8570873737335205	1.4900615215301514	0.8125839233398438	-0.5382180213928223	-0.7475628852844238	-1.3232202529907227	-2.0597329139709473	0.20701169967651367	-0.4546196460723877	1.450505018234253	1.5737955570220947	1.1366932392120361		-0.2747962474822998	-1.265289306640625	-0.5074987411499023	0.0610804557800293	2.1267361640930176	0.6530728340148926	5.826956272125244	-1.1540064811706543	0.5348601341247559	-0.4918098449707031	-0.2504756450653076	0.030299663543701172	-0.08285307884216309	-0.00909423828125	-0.06303977966308594	-0.0315699577331543	0.3806633949279785	0.15621662139892578
FGSG_02792	2.1765838		1.8510913848876953	3.2582802772521973	3.58579683303833	3.254927158355713	2.2057671546936035	2.3154358863830566	4.365590572357178	1.5851597785949707	0.3034372329711914	3.59840726852417	3.439723491668701	0.8584704399108887	0.8017668724060059	1.2449002265930176	-0.5538029670715332	0.11316680908203125	0.7986540794372559	0.327420711517334	4.184436798095703	5.975606441497803	-0.21680641174316406	-0.16437244415283203	2.136049270629883	1.2159881591796875	-0.12214326858520508	0.6839852333068848	0.11248350143432617	-1.1478934288024902	0.8916840553283691	0.46908092498779297	0.37554025650024414	5.015467643737793	5.3922529220581055	5.079301834106445		-0.4655754566192627	-0.3601408004760742	1.3708500862121582	0.3667263984680176	0.2702164649963379	-0.29628944396972656	0.05215024948120117	-0.4184131622314453	0.4393162727355957	-0.46810007095336914	0.9105477333068848	-0.12709736824035645	-0.6858172416687012	-0.4010143280029297	0.3616175651550293	-0.1450796127319336	-0.23451662063598633	-0.15198421478271484
FGSG_03108	-0.018908978		-0.06261324882507324	-0.5615463256835938	-0.28743648529052734	-0.12166976928710938	0.1984403133392334	1.1131298542022705	0.8555500507354736	1.6500704288482666	1.9315330982208252	1.2686102390289307	1.2678568363189697	2.6314971446990967	1.5112669467926025	1.540680170059204	1.2031636238098145	0.4319770336151123	1.3297436237335205	0.9677703380584717	1.596353530883789	1.4639368057250977	-1.6080055236816406	0.07186341285705566	0.12919998168945312	-0.038954973220825195	-2.2342405319213867	-2.6710596084594727	-3.4705471992492676	1.440237045288086	-1.7223896980285645	-2.6546764373779297	-1.8787403106689453	-0.18562746047973633	-0.06513214111328125	-0.14185285568237305		0.4564030170440674	-1.1783967018127441	-0.39072370529174805	-0.06754064559936523	-0.5815105438232422	1.6079990863800049	4.324470520019531	0.6359696388244629	0.27411317825317383	0.05281686782836914	-0.0033075809478759766	-0.029146909713745117	-0.0196073055267334	0.013912439346313477	0.27206945419311523	0.2897529602050781	0.6636662483215332	-0.012370109558105469
FGSG_03157	0.91264653		-0.2714400291442871	-1.606513261795044	-0.33949995040893555	-0.7781128883361816	0.015467166900634766	0.29322338104248047	1.3145699501037598	-0.6875534057617188	3.0398340225219727	2.0484671592712402	1.6137299537658691	2.423696994781494	0.5407166481018066	0.25611019134521484	3.0363194942474365	-0.07366323471069336	-0.4531431198120117	-0.9924266338348389	3.4561829566955566	-1.495920181274414	1.2269673347473145	0.49001312255859375	2.6047632694244385	-0.23070359230041504	-4.656781196594238	-4.6959757804870605	-4.980621337890625	-1.1779799461364746	-2.4293670654296875	-4.885756492614746	-4.774711608886719	-0.8836050033569336	-0.4284343719482422	0.5699639320373535		-0.3282430171966553	-0.6594595909118652	0.7233896255493164	0.5847902297973633	0.22815990447998047	-0.22864675521850586	-1.1985931396484375	-3.8631701469421387	-2.2617669105529785	2.3480334281921387	-0.2622666358947754	-0.2995486259460449	0.07889199256896973	-0.3922078609466553	0.11576652526855469	0.13965320587158203	0.31505346298217773	0.5974564552307129
FGSG_03184	1.1460471		1.2540793418884277	-0.028466463088989258	0.15106701850891113	1.4937899112701416	2.5617802143096924	3.133977174758911	1.6704466342926025	4.155213356018066	6.484640121459961	4.262236595153809	3.764146566390991	5.298259735107422	5.14193058013916	4.530600547790527	4.369813919067383	-0.14245319366455078	2.5674335956573486	1.465836763381958	0.7500362396240234	-0.17432022094726562	-1.1830129623413086	0.7570934295654297	3.86611008644104	2.402618169784546	-4.671046257019043	-2.2103519439697266	-2.832076072692871	-3.768770694732666	-1.644526481628418	-2.5359058380126953	-1.8559761047363281	-2.2332372665405273	-1.9992599487304688	-0.6665420532226562		0.8886203765869141	-0.5040068626403809	-0.5461540222167969	-0.2066812515258789	-1.5836100578308105	0.22422051429748535	1.1263835430145264	-2.6364169120788574	0.02025604248046875	0.6631393432617188	1.553046703338623	-0.05278372764587402	0.002858638996258378	-0.09290862083435059	0.29655003547668457	0.28369641304016113	0.262589693069458	0.3996601104736328
FGSG_03315	0.024194002		1.0807123184204102	-1.0037431716918945	-0.6431131362915039	0.2579836845397949	1.9751067161560059	2.8354334831237793	0.6276731491088867	2.776583194732666	0.8039932250976562	2.9843602180480957	3.225472927093506	4.227182865142822	1.192214012145996	1.4226436614990234	4.38975715637207	1.3730030059814453	-0.6412496566772461	-1.0607762336730957	3.3455028533935547	4.480843544006348	0.5771551132202148	0.5360236167907715	1.0118868350982666	3.213653326034546	0.32330751419067383	-1.7201075553894043	-2.057326316833496	-2.1647839546203613	-3.075094223022461	-0.4270792007446289	-1.9703359603881836	0.6533498764038086	0.7251653671264648	1.7039308547973633		0.5440335273742676	-3.113569736480713	0.3965034484863281	0.37885284423828125	0.37186670303344727	4.590969085693359	-0.01772308349609375	-1.0113563537597656	-1.6853008270263672	-0.0021514890249818563	0.4819941520690918	0.20314335823059082	0.6001286506652832	0.3832073211669922	0.9789271354675293	1.130094051361084	0.47961997985839844	0.3060166835784912
FGSG_03365	0.022152185		4.464138031005859	0.2322533130645752	0.7227833271026611	2.2418696880340576	4.195774078369141	3.9242799282073975	1.6392734050750732	3.4692933559417725	1.3912198543548584	4.193666458129883	4.193082809448242	5.489912986755371	3.088279962539673	2.858530282974243	2.241520404815674	1.381000280380249	0.6253535747528076	0.5477602481842041	5.562607288360596	3.7917227745056152	0.20748233795166016	2.103916645050049	0.5905416011810303	0.9815475940704346	-0.7239851951599121	-1.4266300201416016	-1.5953614711761475	-0.27324676513671875	-4.046429634094238	-1.245405673980713	-1.4022281169891357	0.9356694221496582	0.9564151763916016	2.8452916145324707		0.45757269859313965	-1.557744026184082	-0.42232322692871094	0.0048532490618526936	-2.135223388671875	1.6989083290100098	0.1372232437133789	-0.30178022384643555	-1.29725980758667	-1.215775966644287	-0.03644108772277832	-0.04541516304016113	0.031922340393066406	0.37123537063598633	0.33458685874938965	0.2734801769256592	0.05236697196960449	0.17293858528137207
FGSG_03570	0.16566396		0.10450267791748047	-1.4069302082061768	-1.0949270725250244	-0.5499870777130127	0.845456600189209	1.5143694877624512	-0.07670354843139648	1.7505865097045898	0.39986324310302734	3.1028566360473633	2.9541163444519043	5.201773166656494	3.2536563873291016	3.168156623840332	4.384280204772949	2.37673282623291	2.8286991119384766	1.1528663635253906	5.205446243286133	0.664553165435791	-0.1526951789855957	0.5263698101043701	-0.020299911499023438	3.8402698040008545	0.12421274185180664	4.477330207824707	2.2861831188201904	-0.04142308235168457	-4.634923458099365	0.7510106563568115	3.6725895404815674	1.4647798538208008	1.462860107421875	2.04295015335083		0.14337730407714844	-0.8359403610229492	-0.5937900543212891	-0.12884998321533203	0.03706002235412598	1.3401412963867188	-0.7784068584442139	-0.719836950302124	-1.0482206344604492	1.2027740478515625	0.12871718406677246	0.7515771389007568	0.06499409675598145	0.03458404541015625	0.0804598331451416	0.14054322242736816	-2.1699999342672527E-4	0.534559965133667
FGSG_03591	0.27096248		0.1035606861114502	-1.3258764743804932	-1.0803468227386475	-1.1900198459625244	-1.182546615600586	-1.1385564804077148	0.46004676818847656	0.02442026138305664	1.1354966163635254	1.036543369293213	0.8897538185119629	2.7935166358947754	1.4818434715270996	1.4513468742370605	4.7340898513793945	4.340929985046387	0.671236515045166	1.5354366302490234	1.9196929931640625	1.8481793403625488	1.0044975280761719	-0.4593334197998047	0.34580326080322266	0.41248321533203125	-1.358530044555664	-1.343325138092041	-2.1050233840942383	-0.42132997512817383	-3.050222873687744	-2.3317995071411133	-2.024177074432373	-2.142892360687256	-1.973252296447754	-1.7328109741210938		0.06646513938903809	-0.08555030822753906	0.3967161178588867	0.49602317810058594	0.01643991470336914	0.09626269340515137	-0.1436467170715332	-0.07416009902954102	-1.0018692016601562	0.2596006393432617	0.21555089950561523	0.45227599143981934	0.2983736991882324	0.23107624053955078	0.05112314224243164	0.16417646408081055	-0.1367335319519043	-0.3267068862915039
FGSG_03599	0.20409918		0.5840284824371338	1.3416566848754883	1.4931268692016602	2.8967065811157227	4.093540668487549	4.068490505218506	1.9925165176391602	4.472754001617432	1.1496033668518066	7.34834623336792	6.8177666664123535	7.788173198699951	7.111402988433838	6.980154514312744	7.424477577209473	0.26537036895751953	0.6486568450927734	1.2190866470336914	7.135956287384033	4.165456295013428	-0.059397220611572266	1.328303575515747	0.541043758392334	6.178479194641113	-0.337787389755249	0.10573577880859375	1.4314625263214111	-0.4986867904663086	-3.4705257415771484	-0.0269167423248291	-0.34473419189453125	2.7636451721191406	2.724172592163086	4.361929893493652		0.4018423557281494	-1.4378662109375	-0.10028266906738281	0.07244014739990234	0.1007070541381836	0.32471442222595215	-0.024456024169921875	-0.15000009536743164	-1.6164331436157227	0.6544761657714844	0.47539258003234863	0.34447503089904785	0.370802640914917	0.23406434059143066	0.054132938385009766	0.3415999412536621	0.05579996109008789	0.07026052474975586
FGSG_03600	-0.0797286		-0.014962196350097656	1.0605199337005615	1.1234266757965088	1.4984233379364014	3.35302996635437	3.530813455581665	2.0779263973236084	3.3421900272369385	4.712686538696289	4.467963218688965	4.162179946899414	6.494969367980957	4.284456253051758	4.3190765380859375	2.1954569816589355	0.2861597537994385	0.7610399723052979	0.7345035076141357	5.160373687744141	-1.6273961067199707	1.4795703887939453	0.643423318862915	0.6351652145385742	-0.043045759201049805	-3.2364277839660645	-3.8038978576660156	-4.058384895324707	-0.3020131587982178	-3.097486972808838	-3.7036378383636475	-3.7273247241973877	0.6458978652954102	0.479367733001709	1.574744701385498		0.15856409072875977	-0.0047864909283816814	0.13305282592773438	0.05805778503417969	0.10077667236328125	0.0718832015991211	0.09413647651672363	-4.005329132080078	-2.734567165374756	-0.5444436073303223	0.17325925827026367	0.26885175704956055	0.05502033233642578	-0.25342464447021484	-0.08695030212402344	0.14783000946044922	-0.2384335994720459	-0.0804598331451416
FGSG_03632	-0.015375614		0.12068891525268555	-0.13434314727783203	-0.16603565216064453	1.723954200744629	3.503953456878662	3.734257221221924	1.6182303428649902	3.626600742340088	3.4646973609924316	4.719563961029053	4.855164051055908	5.783499240875244	4.514914035797119	4.126230716705322	5.115719795227051	-1.546159267425537	-1.0300464630126953	-1.492516040802002	4.045305252075195	1.437662124633789	0.0019822120666503906	6.151186943054199	3.0440196990966797	3.3446216583251953	-1.04667329788208	-2.862091064453125	-3.392953872680664	-3.4703564643859863	-1.5245933532714844	-0.2215127944946289	-2.673370361328125	2.35626220703125	2.49569034576416	4.287978172302246		0.23311281204223633	-1.029472827911377	-0.11055278778076172	0.013776779174804688	0.1139068603515625	1.4337773323059082	-1.2987899780273438	-4.033597469329834	-0.31579017639160156	-0.5779838562011719	-0.16147089004516602	-0.38505029678344727	-0.033516883850097656	-0.4134368896484375	0.5871005058288574	0.6705102920532227	-0.08646297454833984	0.2425098419189453
FGSG_03911	0.41256213		1.8933043479919434	-2.7496497631073	-2.074463129043579	-1.4389562606811523	0.008973121643066406	0.8898630142211914	-0.14441967010498047	0.8143033981323242	0.8682503700256348	2.7243266105651855	2.329453468322754	4.33367395401001	2.5339341163635254	2.3065743446350098	6.891569137573242	4.38770055770874	0.8339371681213379	1.6687169075012207	4.247843265533447	3.819603443145752	0.28345251083374023	0.9036867618560791	2.127816915512085	3.5226452350616455	1.216444492340088	0.3435783386230469	1.3887348175048828	-1.7930293083190918	-3.7467637062072754	2.2430830001831055	1.4856877326965332	0.7122750282287598	0.850557804107666	3.5552945137023926		0.5891544818878174	-2.450495719909668	-0.3927116394042969	-0.04337882995605469	-0.14576339721679688	5.854682922363281	-0.3294529914855957	-0.42528653144836426	-1.49432373046875	0.5160331726074219	0.6341440677642822	-0.08107638359069824	-0.13808012008666992	-0.007502079010009766	0.2532165050506592	0.37790656089782715	0.06259632110595703	0.2515099048614502
FGSG_03981	-0.32357335		0.9935524463653564	-0.3074932098388672	0.019823551177978516	-0.4843897819519043	0.6951003074645996	2.7858269214630127	1.1098568439483643	3.62499737739563	7.561226844787598	1.7103464603424072	2.8344833850860596	6.213313102722168	6.723610877990723	6.107853889465332	0.29168999195098877	-0.0019197460496798158	0.6077370643615723	0.7075700759887695	4.069330215454102	1.092876672744751	0.16274785995483398	0.12143170833587646	0.31983673572540283	0.034455180168151855	-3.1919572353363037	-3.3517844676971436	-3.277613639831543	0.03246021270751953	-3.945960521697998	-3.252803087234497	-3.279717206954956	0.5401201248168945	0.7617850303649902	0.388993501663208		-0.2986006736755371	-0.0034198760986328125	-1.1465024948120117	-0.6588201522827148	0.08749961853027344	-0.03300809860229492	0.022263526916503906	0.07330679893493652	-3.776063919067383	-2.049680709838867	-0.27103471755981445	-0.17356109619140625	-0.21106767654418945	-0.04472470283508301	0.27740001678466797	-0.016719818115234375	-0.1492598056793213	-0.050476670265197754
FGSG_04518	0.7873957		0.6545157432556152	-0.016680240631103516	-0.06778669357299805	0.038936614990234375	0.04222989082336426	-0.04676342010498047	1.2414333820343018	0.47290968894958496	6.227836608886719	4.250616073608398	3.983529806137085	6.1839599609375	6.91529655456543	6.33057975769043	3.023829221725464	7.417366027832031	0.27035975456237793	0.18476319313049316	4.4054670333862305	1.7077999114990234	3.0766048431396484	0.2749330997467041	0.2471933364868164	6.213197708129883	0.9770092964172363	-3.3101487159729004	-3.6909704208374023	-1.3609232902526855	-1.1636505126953125	-0.4003005027770996	-3.343923568725586	-0.7931127548217773	-0.6449952125549316	-0.26436662673950195		0.47043275833129883	-0.002106904983520508	-0.06238079071044922	0.06940650939941406	-0.012143374420702457	4.471004486083984	-0.26720690727233887	-0.15938997268676758	-1.8875837326049805	-1.5205469131469727	0.5372445583343506	0.3260960578918457	0.5150768756866455	0.5291893482208252	0.08887982368469238	-0.1067800521850586	-0.3255136013031006	-0.031400203704833984
FGSG_04600	-0.44398785		-0.5069172382354736	-1.1831469535827637	-0.8990132808685303	-0.7493603229522705	-0.2718029022216797	-0.3606600761413574	0.35474634170532227	0.5751266479492188	0.43731689453125	1.9407563209533691	1.3550567626953125	2.9442930221557617	3.9508261680603027	3.6283631324768066	3.8448832035064697	4.756829738616943	0.41654014587402344	2.367269992828369	0.45032644271850586	1.53627347946167	0.0364837646484375	0.5199668407440186	1.2414600849151611	4.362933158874512	1.2358789443969727	-1.8637065887451172	-2.9934849739074707	-0.77752685546875	-1.0930194854736328	-0.8237409591674805	-1.6034979820251465	-3.125032424926758	-3.0838499069213867	-2.6429367065429688		-0.5188107490539551	-0.22445297241210938	0.2555198669433594	0.09049701690673828	-2.129077434539795	2.547045946121216	0.6204900741577148	0.4148068428039551	-1.1050729751586914	-0.6974334716796875	-0.6550583839416504	-0.5755584239959717	-0.25069308280944824	-0.14381933212280273	-0.39346981048583984	-0.39055681228637695	-0.3526732921600342	-0.5186200141906738
FGSG_04636	0.032335997		0.25191473960876465	0.4479634761810303	0.48101329803466797	0.6544532775878906	1.8505833148956299	1.591320276260376	1.376927137374878	2.2478301525115967	4.047233581542969	3.246593713760376	3.196976900100708	5.266777038574219	3.7708799839019775	3.5007236003875732	5.640944480895996	0.8296668529510498	4.594320297241211	4.328330039978027	2.809569835662842	2.991969585418701	-0.3427572250366211	-1.008986473083496	-0.3562197685241699	4.878791809082031	-0.5010786056518555	4.892151832580566	3.5655250549316406	-1.6238267421722412	-4.184396266937256	4.981470108032227	5.671147346496582	1.9484226703643799	2.2362749576568604	3.135002851486206		0.11422944068908691	-0.3440999984741211	0.6577234268188477	0.4677467346191406	0.026109695434570312	3.9571127891540527	0.17353343963623047	-1.2108805179595947	-2.1073098182678223	1.157033920288086	0.1620161533355713	0.160264253616333	0.1082925796508789	0.1931452751159668	0.18645024299621582	0.194183349609375	-0.06847333908081055	-1.1658201217651367
FGSG_04662	-0.34429467		-0.10114192962646484	-1.2119402885437012	-1.2089335918426514	-1.1868770122528076	-0.26863670349121094	0.35089993476867676	1.0627295970916748	1.6954362392425537	1.4094460010528564	2.798143148422241	3.6607162952423096	3.885826826095581	3.6956632137298584	3.4560134410858154	3.915860176086426	1.061579942703247	2.523202657699585	1.7249000072479248	1.9315361976623535	1.9535164833068848	0.5020866394042969	0.09255659580230713	0.6716197729110718	0.31232166290283203	3.195425033569336	1.0724763870239258	-2.068497657775879	-2.397930145263672	-2.0231575965881348	2.500067710876465	2.105168342590332	-5.652153968811035	-5.645333766937256	-4.349952697753906		3.5550835132598877	-1.804062843322754	-0.22936201095581055	0.072906494140625	-0.5944833755493164	5.525354385375977	3.607769727706909	0.05461621284484863	-1.0360002517700195	2.5634660720825195	-0.12171459197998047	-0.07647085189819336	0.1242837905883789	-0.10698151588439941	0.17244338989257812	0.16281652450561523	-0.020906448364257812	0.15242981910705566
FGSG_04738	0.11150074		0.13593459129333496	0.18651676177978516	-0.007663012016564608	-0.05226635932922363	0.7391269207000732	2.037946939468384	1.5827100276947021	2.0988099575042725	1.521843671798706	3.228140115737915	3.0601165294647217	5.957147598266602	3.043100595474243	2.5349199771881104	5.832150459289551	1.6155636310577393	1.20259690284729	1.1909868717193604	2.6735472679138184	1.6214730739593506	3.26824951171875	0.40682029724121094	-0.022209882736206055	4.577210426330566	-0.2109231948852539	-2.3902502059936523	-3.0574793815612793	-1.048706293106079	-4.720000267028809	-1.3843560218811035	-1.0202059745788574	-1.4721717834472656	-1.3679418563842773	-0.9685311317443848		0.18272089958190918	-0.14097976684570312	-0.4600496292114258	-0.11754322052001953	-0.48479628562927246	4.1056976318359375	-0.0034065248910337687	-0.04257678985595703	-1.0197906494140625	1.3579463958740234	0.14818143844604492	0.11219096183776855	0.3768486976623535	0.014662027359008789	0.049520254135131836	0.0991966724395752	-0.1433265209197998	-0.12145304679870605
FGSG_04745	-0.21671617		-0.37424004077911377	-0.18029022216796875	-0.14140701293945312	0.41428327560424805	4.107722282409668	4.13247013092041	0.8419861793518066	5.526169776916504	7.307435989379883	1.9493231773376465	3.520002841949463	7.618813514709473	5.783442497253418	5.738009452819824	1.3518967628479004	-0.3049135208129883	1.461679458618164	0.782433032989502	-1.584707260131836	0.7295737266540527	1.6107521057128906	0.2890167236328125	0.09296011924743652	-0.1760265827178955	-6.1131591796875	-5.874974727630615	-5.552765846252441	-6.944157123565674	-4.936046123504639	-6.029930114746094	-6.181913375854492	-0.8646321296691895	-0.9001250267028809	2.9307618141174316		-0.24619066715240479	0.005046844948083162	-1.7760658264160156	-2.071096420288086	0.2117600440979004	-0.11960649490356445	-0.20286345481872559	-0.3239731788635254	0.13953399658203125	-1.8689289093017578	-0.32422101497650146	-0.37988030910491943	0.19048166275024414	-0.046262264251708984	0.0448765754699707	-0.0381932258605957	-0.05379009246826172	0.05326366424560547
FGSG_04874	-0.98059773		-1.2088563442230225	-0.24753975868225098	-0.48754334449768066	-0.3882865905761719	-0.46552348136901855	-0.36534667015075684	0.9397766590118408	-0.33831334114074707	7.963482856750488	0.9023764133453369	1.0677897930145264	1.5907301902770996	0.6360533237457275	0.7698032855987549	0.018223285675048828	0.17978358268737793	2.165076732635498	1.8266234397888184	1.1679496765136719	0.33551979064941406	9.083075523376465	-0.20659327507019043	-0.13310003280639648	-0.10237836837768555	0.1490030288696289	-3.4355340003967285	-4.086880207061768	0.415926456451416	-0.4956967830657959	-2.3558802604675293	-2.221724033355713	-6.799844741821289	-6.941704750061035	-6.686135768890381		-1.0128097534179688	0.7683265209197998	0.3750333786010742	0.006473063956946135	-1.1811833381652832	-0.8070697784423828	0.2468433380126953	0.48335981369018555	-0.2738966941833496	6.191186904907227	-0.6952774524688721	0.3291168212890625	-0.5426325798034668	-0.45978498458862305	-0.740013599395752	1.2506964206695557	-0.36378002166748047	0.2945399284362793
FGSG_04921	-0.08858085		-0.10461342334747314	-1.947526454925537	-1.887192964553833	-1.9376795291900635	-2.2564432621002197	-1.8835232257843018	-0.7807662487030029	-0.5628530979156494	3.992586612701416	-0.7960362434387207	-0.484896183013916	0.9594569206237793	4.95592737197876	4.780773639678955	0.16774821281433105	-1.4393532276153564	0.5049800872802734	0.39961719512939453	1.0976898670196533	0.3322732448577881	-0.23868274688720703	1.188309907913208	0.21088838577270508	7.899145126342773	-1.1248340606689453	-3.21832275390625	-3.387207269668579	-0.3968067169189453	-0.040963172912597656	-2.3887381553649902	-3.593757390975952	1.6692900657653809	0.6909198760986328	4.3870463371276855		-0.17601346969604492	0.1165769100189209	-1.527756690979004	-1.0214662551879883	0.034076690673828125	0.16489040851593018	-1.2441060543060303	-0.1375102996826172	-2.829469680786133	-0.5469598770141602	-0.15075969696044922	0.019937515258789062	-0.0709306001663208	0.044811248779296875	0.6269302368164062	-0.6010065078735352	-0.8764698505401611	-0.036245107650756836
FGSG_05397	0.06626034		0.404360294342041	-1.4680633544921875	-1.5325231552124023	-1.879239797592163	-2.0955166816711426	-1.9584898948669434	-1.6394200325012207	-0.7523999214172363	4.144470691680908	-1.5489835739135742	-1.430624008178711	-0.5406999588012695	2.0712966918945312	1.733616828918457	5.815706253051758	0.8709597587585449	0.9825835227966309	1.256190299987793	1.7240405082702637	1.3900437355041504	-0.07520294189453125	5.816519737243652	6.358389854431152	5.943497657775879	-3.018521785736084	-1.1563034057617188	-0.8730554580688477	-0.33026599884033203	-0.2593402862548828	-2.5641088485717773	-2.5182652473449707	1.9901447296142578	0.8544950485229492	1.9675345420837402		0.292783260345459	0.8313636779785156	-0.5029234886169434	-0.6859569549560547	-0.006153107155114412	0.682701587677002	-0.28708696365356445	0.18486642837524414	0.7399301528930664	-0.3743171691894531	0.20595645904541016	-0.3079566955566406	-0.1533184051513672	0.8810586929321289	-0.4008760452270508	-0.4995431900024414	0.5081605911254883	-0.17449665069580078
FGSG_05663	0.037246466		1.986030101776123	-2.937507152557373	-2.9263570308685303	-1.9278407096862793	-0.05651378631591797	0.5154266357421875	-1.4351239204406738	1.079399585723877	4.7237162590026855	0.38164567947387695	1.1318292617797852	2.1621193885803223	0.02052593231201172	0.05554962158203125	0.8357195854187012	1.4151597023010254	2.4099526405334473	-1.531987190246582	0.9069976806640625	1.851576805114746	3.6353750228881836	2.6877031326293945	-0.358243465423584	2.0682497024536133	-0.2280864715576172	-0.5842247009277344	-2.3071489334106445	-4.600002765655518	-3.970639705657959	-0.3108654022216797	-1.334939956665039	-2.513599395751953	-2.254488945007324	0.028696060180664062		-0.39657044410705566	-0.6566929817199707	-0.21396541595458984	-0.08960247039794922	0.07881689071655273	2.2336039543151855	-1.8830904960632324	-0.9630131721496582	-1.7471332550048828	1.22845458984375	-0.12020516395568848	-0.4642150402069092	-0.8617868423461914	-0.004487276077270508	-0.2568073272705078	-0.24771785736083984	-0.0563201904296875	-1.2558603286743164
FGSG_06469	-0.463248		-0.13617801666259766	-0.4034304618835449	-1.0346102714538574	0.11061668395996094	3.441042900085449	4.554246425628662	1.1628427505493164	4.51266622543335	3.2710232734680176	4.102689266204834	5.136088848114014	6.251773357391357	3.787689685821533	3.643686294555664	0.11930990219116211	0.0820927619934082	3.090226173400879	2.8420629501342773	6.330930233001709	0.9504036903381348	1.2519149780273438	-0.5719833374023438	-0.3144068717956543	1.9908549785614014	1.8727235794067383	-0.9738368988037109	-3.2745728492736816	-0.01103973388671875	-4.813669681549072	0.7222452163696289	0.29585742950439453	-0.17487001419067383	-0.2136402130126953	1.336827278137207		-0.3104705810546875	-3.56199312210083	-0.10700035095214844	0.4358673095703125	0.2146134376525879	-0.380446195602417	-0.06188011169433594	-0.09415960311889648	-2.181553363800049	0.9227304458618164	-0.10783839225769043	-0.26789355278015137	-0.7480936050415039	-0.47211360931396484	0.0661935806274414	0.11603665351867676	-0.07153010368347168	-0.27228355407714844
FGSG_07209	0.2694285		0.25295305252075195	-0.6827635765075684	-0.379453182220459	-0.360776424407959	0.13319635391235352	0.6051735877990723	0.920076847076416	0.9552602767944336	4.587734222412109	1.943946361541748	2.2981133460998535	3.9379501342773438	1.6257271766662598	1.412552833557129	-1.9454362392425537	-0.3850131034851074	3.5913801193237305	4.0894012451171875	2.844242572784424	4.1627631187438965	4.427187919616699	-2.1269795894622803	-2.0126397609710693	3.633810520172119	1.9439382553100586	0.5741920471191406	-0.6613750457763672	-1.5125904083251953	-3.3456969261169434	1.7427024841308594	1.8232603073120117	-2.1537275314331055	-1.983222484588623	-1.506002426147461		0.4330286979675293	-3.2579169273376465	0.026146888732910156	0.36289119720458984	0.41760683059692383	4.8837480545043945	-0.28352975845336914	-0.2676262855529785	-2.255976676940918	3.2556304931640625	0.48170018196105957	0.2549417018890381	0.1019132137298584	0.18474125862121582	0.8672704696655273	-0.030559539794921875	-0.6025066375732422	-1.878039836883545
FGSG_07557	0.7623663		0.17653751373291016	-0.7805237770080566	-0.9893603324890137	-0.7907037734985352	-1.193580150604248	-0.8321669101715088	0.5165998935699463	0.8504598140716553	4.271459579467773	0.37072324752807617	0.4123263359069824	1.1769564151763916	3.0389864444732666	3.040132761001587	1.7374165058135986	2.9443328380584717	3.044689893722534	1.663236379623413	-1.4263567924499512	1.2502834796905518	0.8930349349975586	2.5545666217803955	2.0912563800811768	0.9176313877105713	-0.6994881629943848	-1.1597380638122559	-1.4357647895812988	-2.3347535133361816	0.458406925201416	0.2553243637084961	1.1349215507507324	-2.0854897499084473	-2.0450825691223145	-1.3027734756469727		0.0702667236328125	0.18790030479431152	-1.1144328117370605	-0.8564562797546387	0.10213661193847656	1.4236876964569092	0.6437928676605225	0.13884329795837402	-0.9527373313903809	-0.03395366668701172	-0.2144947052001953	-0.07088375091552734	-0.2616536617279053	-0.13085675239562988	-0.029026269912719727	-0.20986652374267578	0.6425399780273438	0.00930333137512207
FGSG_07558	-0.2758627		-0.18874406814575195	0.47769689559936523	-0.026296615600585938	0.5426802635192871	1.3136701583862305	2.4729866981506348	0.696199893951416	5.940310478210449	9.357659339904785	4.957280158996582	5.338283538818359	7.815743446350098	7.375789642333984	7.2941436767578125	4.226487159729004	9.368203163146973	3.3075366020202637	0.45601367950439453	-1.576406478881836	2.495046615600586	7.090275287628174	0.08727645874023438	0.28790974617004395	7.895114898681641	-1.1659841537475586	2.69974946975708	-2.5587644577026367	-9.052909851074219	-1.0524330139160156	5.322995662689209	4.761671543121338	-4.179388046264648	-4.290870189666748	-0.1273641586303711		-0.21289634704589844	-0.4576539993286133	-1.6747932434082031	-0.725956916809082	0.07648968696594238	6.557074546813965	-0.13923954963684082	-0.15212726593017578	-0.4656200408935547	0.3946399688720703	-0.3035562038421631	-0.3265519142150879	0.38609814643859863	-0.18700194358825684	0.5151267051696777	0.01709294319152832	-0.22688007354736328	-0.012300015427172184
FGSG_07647	-0.35506856		-0.4799220561981201	1.1124565601348877	0.8969767093658447	2.186516523361206	3.4926669597625732	4.153703689575195	1.6886732578277588	6.301043510437012	7.232365608215332	4.750247001647949	5.128809928894043	6.8007001876831055	7.449553489685059	7.389229774475098	2.7423083782196045	6.26413631439209	0.8949630260467529	0.8837831020355225	4.868829727172852	2.795980453491211	3.9499220848083496	0.48125529289245605	1.6943104267120361	6.9552202224731445	-4.633352756500244	-5.871460437774658	-5.901209354400635	-0.34882020950317383	-1.5840730667114258	-4.8326921463012695	-5.788779258728027	-1.0913453102111816	-1.369152545928955	0.831840991973877		-0.3505136966705322	-0.1928234100341797	0.20591354370117188	-0.0463409423828125	-1.126356601715088	3.931070327758789	-0.09382987022399902	0.777033805847168	-1.7295026779174805	-1.0038623809814453	-0.45790600776672363	-0.4717390537261963	-0.22412455081939697	0.1453019380569458	0.3922770023345947	0.41506361961364746	0.22939348220825195	0.6257600784301758
FGSG_07741	-0.38019013		-0.4556753635406494	-0.09117937088012695	0.07259035110473633	0.941253662109375	1.580953598022461	1.8201866149902344	0.5543336868286133	3.2600836753845215	3.019587516784668	4.096017360687256	5.525937557220459	6.244213581085205	6.522013187408447	6.633017063140869	2.3187098503112793	4.4826836585998535	0.33585071563720703	-0.13099956512451172	3.2010669708251953	1.3532061576843262	2.7835922241210938	0.11995673179626465	1.2095935344696045	2.27339506149292	-2.268404960632324	-6.5381975173950195	-7.037351608276367	-4.485379695892334	-0.22367286682128906	-4.661633491516113	-6.701794624328613	-3.4019675254821777	-3.4915924072265625	-0.008024215698242188		-0.6313533782958984	-0.1893024444580078	-0.27790260314941406	-0.01667022705078125	-0.30246996879577637	3.880554676055908	0.19232749938964844	0.8025598526000977	-0.9397096633911133	-4.078003406524658	-0.2476329803466797	-0.12006783485412598	-0.31020188331604004	-0.15942049026489258	0.04727339744567871	0.05507659912109375	-0.03784680366516113	0.0671236515045166
FGSG_07765	0.08013487		0.01336216926574707	0.626246452331543	0.7701363563537598	0.34001660346984863	3.582866668701172	4.524316787719727	1.7392535209655762	5.023956298828125	3.8258399963378906	3.9254536628723145	5.367793083190918	7.374543190002441	6.615659713745117	6.393860816955566	1.9472167491912842	-0.20508313179016113	1.6978201866149902	1.0408000946044922	6.313286304473877	1.7457733154296875	-0.4092578887939453	0.20700311660766602	0.2294466495513916	4.399606704711914	-3.3714423179626465	-5.331230640411377	-5.758388519287109	0.41051292419433594	-1.3946571350097656	-5.520458221435547	-5.597162246704102	2.1103625297546387	1.8710126876831055	5.5372467041015625		-0.16936147212982178	-0.42113685607910156	-1.110757827758789	-0.5423145294189453	1.4022603034973145	-0.4325152635574341	-0.03635668754577637	-0.36069631576538086	0.4972991943359375	0.4753732681274414	0.442410945892334	-0.3395559787750244	-0.06747078895568848	0.05416274070739746	0.034523725509643555	0.0626535415649414	-0.016786575317382812	0.015306711196899414
FGSG_07807	0.56004477		0.3639659881591797	-1.2117605209350586	-0.8079137802124023	-0.12863683700561523	1.002150058746338	0.3431863784790039	1.112736701965332	1.3429436683654785	1.71343994140625	1.693739414215088	2.247260570526123	2.0845561027526855	2.568122386932373	2.549193859100342	5.241460800170898	-0.49242353439331055	-1.0018863677978516	-0.8500070571899414	4.494496822357178	2.2797231674194336	-4.818711280822754	2.9892966747283936	5.034910202026367	2.749580144882202	-5.684031963348389	-5.463991641998291	-5.968155384063721	2.6724295616149902	-0.16459274291992188	-5.509584426879883	-6.045385837554932	0.6340222358703613	0.7224974632263184	2.7174978256225586		0.5959868431091309	-0.024744033813476562	-0.10657978057861328	-0.29813575744628906	-0.6301689147949219	-0.23119688034057617	0.34871339797973633	0.061983585357666016	-0.03774261474609375	-1.0017261505126953	0.5766186714172363	-0.1759791374206543	-0.16707420349121094	0.09200620651245117	0.3969230651855469	0.3648405075073242	0.04456663131713867	0.24212002754211426
FGSG_07823	1.0851583		0.6435420513153076	-3.617713212966919	-3.7778828144073486	-3.824366331100464	-3.948693037033081	-3.555729866027832	-1.4757328033447266	-2.3275933265686035	4.732840538024902	0.1549835205078125	0.4257369041442871	2.596724510192871	1.9213905334472656	1.411240577697754	0.49680328369140625	4.347297668457031	-1.5154533386230469	-2.138392925262451	-1.587799072265625	1.1076831817626953	-0.2169656753540039	0.1942000389099121	0.07354998588562012	2.3075249195098877	-2.6821670532226562	-4.119327545166016	-5.3801703453063965	-6.081356048583984	-2.2008590698242188	-0.4321613311767578	-2.4583702087402344	1.3321599960327148	1.3760552406311035	1.062669277191162		0.4171264171600342	-0.00952291488647461	-0.8769798278808594	-0.18296337127685547	0.05460667610168457	7.9256134033203125	-0.6235065460205078	-0.11388635635375977	-0.44567298889160156	1.7192373275756836	0.36446690559387207	0.31047844886779785	0.6369893550872803	0.14206862449645996	-0.07839012145996094	-0.015453577041625977	-0.07196044921875	-0.03948020935058594
FGSG_08037	0.16694069		0.1881105899810791	0.6263234615325928	0.5746233463287354	0.8070433139801025	1.5873830318450928	2.5104830265045166	1.9928467273712158	2.59775710105896	4.077016830444336	5.308416366577148	6.1924238204956055	6.486876487731934	6.24588680267334	6.157601356506348	-0.12740325927734375	-0.13795018196105957	0.4396336078643799	0.18347692489624023	7.359330654144287	1.502039909362793	1.6536808013916016	0.16386675834655762	0.38445353507995605	1.3144967555999756	-3.3500304222106934	-5.035016059875488	-5.339460372924805	-0.5128698348999023	0.11170578002929688	-4.921731472015381	-5.138294219970703	-0.29325437545776367	-0.3996548652648926	2.3662261962890625		0.40307068824768066	-0.1905829906463623	-0.6737556457519531	0.25213623046875	0.06230664253234863	-0.17602944374084473	-0.06608009338378906	-0.3702564239501953	-0.7217273712158203	0.1271810531616211	0.18835735321044922	-0.04599761962890625	0.15961694717407227	0.2425098419189453	0.11742663383483887	0.3504066467285156	-0.20682024955749512	0.002493381965905428
FGSG_08048	0.043258667		-0.019604206085205078	-0.40928006172180176	-0.5538430213928223	-0.538203239440918	1.3219330310821533	2.3357203006744385	1.9442665576934814	2.679593324661255	2.7931034564971924	3.2977397441864014	4.0579729080200195	4.964676856994629	3.862266778945923	3.4777567386627197	4.180230140686035	1.8799998760223389	0.06833648681640625	-0.11668634414672852	4.368792533874512	4.506540775299072	1.1500673294067383	0.14432978630065918	1.4781031608581543	4.179588317871094	1.2034640312194824	-1.8519682884216309	-4.050395488739014	-1.8171472549438477	-4.203032493591309	0.6341729164123535	-0.9351825714111328	0.6165952682495117	0.8288173675537109	3.0717825889587402		0.26618266105651855	-4.188194274902344	0.2185840606689453	0.21572017669677734	0.12085676193237305	1.4343230724334717	-0.05869340896606445	-0.48141956329345703	-2.5573296546936035	1.6036834716796875	-0.12862825393676758	-0.03531694412231445	-0.10265994071960449	0.0897829532623291	0.2331528663635254	0.2925295829772949	-0.025363683700561523	0.06414318084716797
FGSG_08049	0.10159969		0.18112516403198242	1.1201703548431396	0.7880866527557373	2.4775631427764893	3.5308635234832764	3.5890867710113525	1.3015968799591064	4.5939741134643555	5.047209739685059	4.220566749572754	4.851600646972656	5.697176933288574	5.447524070739746	5.056532859802246	4.1234002113342285	2.5455801486968994	3.634660005569458	3.8000071048736572	2.08608341217041	2.2972898483276367	3.041995048522949	0.3413999080657959	1.4750266075134277	1.3699731826782227	-2.6750831604003906	1.4707527160644531	0.1920928955078125	-4.894927024841309	-1.9295997619628906	0.6836891174316406	1.303299903869629	-1.834355354309082	-1.8734626770019531	0.45438480377197266		0.07906389236450195	-1.1660337448120117	0.3280000686645508	0.23834991455078125	-0.759636402130127	4.929035186767578	1.0273163318634033	-4.440033912658691	-1.4206867218017578	-0.6916532516479492	0.2011733055114746	-0.046805620193481445	0.14988374710083008	0.04322218894958496	0.11760330200195312	0.06328988075256348	-0.20125675201416016	-0.16117000579833984
FGSG_08062	-0.12699616		-0.37080061435699463	-1.28525972366333	-1.3247900009155273	0.8613865375518799	2.1654136180877686	3.452723264694214	0.7609565258026123	4.599936485290527	3.032463312149048	3.8133132457733154	5.414226531982422	5.435634613037109	6.331684112548828	6.054157257080078	2.9020602703094482	0.49070000648498535	1.836726427078247	2.3071768283843994	3.245973587036133	1.727910041809082	1.7287797927856445	0.5577201843261719	3.293840169906616	1.816584825515747	0.08533096313476562	0.7199501991271973	-1.046865463256836	-2.6240200996398926	0.07017326354980469	1.8177542686462402	1.9408106803894043	-0.348482608795166	-0.17503023147583008	3.5340232849121094		-0.5357288122177124	-0.6071605682373047	-0.9809293746948242	-0.3603792190551758	0.045533180236816406	2.7589852809906006	1.3679029941558838	-0.517113208770752	-0.9630298614501953	-1.8166732788085938	-0.3625352382659912	0.21548223495483398	-0.29149508476257324	-0.034517526626586914	-0.15354323387145996	0.07961010932922363	2.3999999393709004E-4	-0.060506582260131836
FGSG_08142	0.4925177		0.6264050006866455	0.6311964988708496	0.5737037658691406	0.46415042877197266	0.005720139015465975	-0.10650634765625	0.12041997909545898	-0.7405796051025391	-0.056929588317871094	0.08804655075073242	-0.14423370361328125	0.048053741455078125	-0.6385331153869629	-0.48850345611572266	7.720172882080078	3.4978928565979004	0.26061344146728516	-0.23587656021118164	-0.5996193885803223	0.7329878807067871	5.9451518058776855	0.478013277053833	1.3062667846679688	1.0532691478729248	0.6401739120483398	0.6067242622375488	-1.3906230926513672	-2.063596248626709	-0.5589566230773926	2.1369071006774902	2.2381672859191895	-2.531472682952881	-2.5025548934936523	-2.6165194511413574		0.7627828121185303	-0.7490663528442383	1.0238971710205078	0.4475102424621582	-0.12535977363586426	3.199458360671997	0.637843132019043	-2.184666156768799	-0.9419898986816406	2.776113986968994	0.613478422164917	0.7169926166534424	0.6010253429412842	0.5111329555511475	0.31114673614501953	0.33760714530944824	-0.047449588775634766	0.4896700382232666
FGSG_08687	0.57677984		0.6114459037780762	-0.3876533508300781	-0.18132352828979492	1.3655531406402588	2.6371634006500244	2.615046262741089	1.0065629482269287	2.81860613822937	3.339003324508667	2.790369749069214	4.080259323120117	4.4853105545043945	3.1103899478912354	3.0358998775482178	4.1885528564453125	-0.1418302059173584	0.9296033382415771	0.6276729106903076	-0.4473600387573242	-2.868199348449707	-0.9169950485229492	0.3291168212890625	2.9529030323028564	0.7732150554656982	-5.002523899078369	-5.177053451538086	-5.3116774559021	-4.928210258483887	-1.3664469718933105	-5.320469856262207	-4.641296863555908	-1.7524757385253906	-1.5987329483032227	-0.6531543731689453		-0.16359162330627441	-0.031929969787597656	-0.11371040344238281	0.06550312042236328	-3.6492624282836914	0.10803985595703125	0.4036061763763428	-4.919589996337891	-0.8019037246704102	-1.6356000900268555	1.27457857131958	-0.5556478500366211	-0.8286545276641846	-0.6653048992156982	-0.5790135860443115	-0.3218998908996582	-0.3799901008605957	0.17788362503051758
FGSG_09052	-0.1174016		-0.03658270835876465	0.12897348403930664	0.5407400131225586	0.3306300640106201	0.6994102001190186	0.8318569660186768	1.9669396877288818	0.6110734939575195	0.7077932357788086	3.079993486404419	2.329429864883423	4.403810501098633	3.4114067554473877	2.738980531692505	3.769256114959717	0.18346309661865234	1.924140214920044	1.2572662830352783	-1.152933120727539	-2.2149696350097656	0.10237741470336914	3.139659881591797	-0.45820045471191406	2.028564929962158	0.22411274909973145	2.7339584827423096	1.3077127933502197	-4.832769393920898	-3.393155813217163	1.0039012432098389	2.822699785232544	2.6038923263549805	2.5689644813537598	5.137204170227051		0.0723261833190918	-0.1961500644683838	0.27558040618896484	0.2925834655761719	0.027016639709472656	0.20624661445617676	0.29892635345458984	-6.088276386260986	-0.4349365234375	4.410437107086182	0.007302761077880859	0.05279850959777832	-0.29779958724975586	-0.03418445587158203	-0.1445634365081787	-0.21798992156982422	-0.3543398380279541	-0.518033504486084
FGSG_09072	-0.25841653		-0.25736987590789795	0.08821320533752441	-0.25876641273498535	-0.07750344276428223	-0.3406667709350586	-0.10532355308532715	3.1054201126098633	-0.10503673553466797	8.596700668334961	6.000979423522949	5.084239959716797	7.295310020446777	9.372245788574219	9.036445617675781	2.815079927444458	8.35531997680664	2.790523052215576	7.510459899902344	0.6115427017211914	1.901963472366333	3.1286563873291016	0.29203009605407715	1.2502763271331787	7.743517875671387	-1.0980339050292969	-4.066335678100586	-3.064727306365967	-1.8744735717773438	0.03920555114746094	-3.1664295196533203	-3.9689407348632812	-3.8873119354248047	-4.748952388763428	-0.1728801727294922		-0.08124423027038574	-0.43936967849731445	-0.27573299407958984	-0.4129066467285156	-3.308723211288452	6.591609001159668	1.605903148651123	-0.010580062866210938	-1.2255306243896484	-2.412527084350586	-0.3459068536758423	-0.41280198097229004	-0.19302034378051758	-0.3000553846359253	-1.197833776473999	-1.1930937767028809	-1.427473783493042	-0.06394338607788086
FGSG_10614	-0.10184789		-0.38266968727111816	-1.2783002853393555	-1.378563642501831	-1.3303470611572266	-1.111116886138916	-0.8656935691833496	-0.15519332885742188	-0.9399371147155762	5.209572792053223	-0.2891402244567871	-0.3867368698120117	0.5586597919464111	-0.114990234375	-0.004933356773108244	3.9726171493530273	-0.726433515548706	1.123206377029419	0.4440467357635498	0.31023621559143066	0.8720502853393555	7.751107692718506	0.6347634792327881	0.1051168441772461	3.0878047943115234	1.368861198425293	-3.966933250427246	-4.9236297607421875	-0.27657032012939453	-1.207327127456665	-0.1527719497680664	-1.5392193794250488	-5.939230442047119	-6.208995342254639	-5.444291591644287		-0.04977989196777344	-0.05014681816101074	0.3119230270385742	0.37744617462158203	1.6738793849945068	-0.29361987113952637	0.4518463611602783	0.02647686004638672	-0.2722301483154297	4.146712779998779	-0.38378262519836426	-0.3555459976196289	-0.14361166954040527	-0.3845674991607666	0.1486666202545166	0.046419620513916016	-0.06048011779785156	-0.34373974800109863
FGSG_10960	-0.63148355		-0.8884556293487549	-0.7960271835327148	-0.283447265625	0.17955970764160156	0.3434629440307617	0.12857913970947266	0.5511765480041504	1.4806427955627441	4.7600626945495605	1.9709529876708984	2.1220860481262207	3.185096263885498	2.9965195655822754	2.7481226921081543	1.40726637840271	5.503368854522705	3.40297269821167	1.8062195777893066	0.6018428802490234	3.4189209938049316	3.937535285949707	0.4047398567199707	-0.08227014541625977	6.167464256286621	0.7707920074462891	0.373779296875	-0.46903514862060547	-4.396017074584961	-1.0689802169799805	0.9598312377929688	0.6978054046630859	-3.0967864990234375	-2.8077898025512695	-2.548830986022949		-0.28957080841064453	-0.6909866333007812	-0.06964397430419922	-0.17072010040283203	-0.7928328514099121	5.473717212677002	0.8869466781616211	0.7967300415039062	-0.5357236862182617	1.5354323387145996	-0.7438466548919678	-0.49390697479248047	-0.2889704704284668	-0.503058910369873	0.08728694915771484	0.18098688125610352	-0.09519290924072266	-0.37349987030029297
FGSG_11033	0.0349133		0.19052577018737793	-0.4788367748260498	-0.8758566379547119	-1.0198466777801514	-0.34969353675842285	-0.16118335723876953	1.1193366050720215	1.2588796615600586	3.0141425132751465	1.3642029762268066	0.7268328666687012	1.95939302444458	3.218743324279785	2.568826198577881	7.63482666015625	-0.18528008460998535	0.5227432250976562	0.027466297149658203	-0.2445063591003418	-1.2502336502075195	-3.6963400840759277	2.0877602100372314	3.5208733081817627	-0.2347099781036377	-5.283372402191162	-5.292068004608154	-5.490759372711182	-0.7159199714660645	-2.425589084625244	-4.542328357696533	-4.0904059410095215	0.44182443618774414	0.2904319763183594	2.7983007431030273		0.06220412254333496	-0.11531686782836914	-0.41283369064331055	0.38518333435058594	1.159360408782959	-0.021657228469848633	0.16618680953979492	-1.9855070114135742	-0.19409608840942383	0.8366203308105469	0.10663390159606934	0.07869362831115723	8.81000014487654E-4	0.22298145294189453	0.46843981742858887	0.48018312454223633	0.48988986015319824	0.18732023239135742
FGSG_11036	0.41337466		0.7068877220153809	0.1212301254272461	-0.2743699550628662	1.484926700592041	3.7152562141418457	3.569303512573242	1.3218765258789062	3.728879928588867	0.8265862464904785	4.635493278503418	4.902956008911133	6.765423774719238	4.94340705871582	4.602232933044434	5.228590965270996	-0.26844000816345215	0.24973678588867188	0.3041698932647705	2.4694395065307617	1.3134727478027344	-0.17759037017822266	3.3212406635284424	2.427273988723755	3.03977370262146	-1.0977771282196045	-1.1226205825805664	-1.1256802082061768	-3.669520139694214	-4.829817295074463	-1.0964276790618896	-1.3582370281219482	2.146160125732422	2.1645193099975586	5.559098243713379		0.4476356506347656	-0.3799567222595215	0.15293121337890625	0.3220672607421875	-0.12647628784179688	0.42723584175109863	-0.010506629943847656	-1.0716235637664795	-0.4651603698730469	1.9759674072265625	0.3171882629394531	0.1317577362060547	0.5473849773406982	0.32437562942504883	0.6630067825317383	0.8662962913513184	0.23194003105163574	0.1837003231048584
FGSG_11115	0.006549358		-0.09640026092529297	0.48958325386047363	0.1173095703125	0.5232198238372803	0.778670072555542	0.33028340339660645	0.4437267780303955	0.47624659538269043	3.467686891555786	0.29607701301574707	0.7178900241851807	0.9518001079559326	0.2952864170074463	0.7809798717498779	6.298523902893066	4.594427108764648	1.5267832279205322	2.768590211868286	-1.4480199813842773	1.2260098457336426	6.173933029174805	0.6219167709350586	0.9939632415771484	1.6292033195495605	-2.1626546382904053	0.7463264465332031	0.5027384757995605	-3.704613208770752	-3.3798398971557617	2.1515555381774902	1.733598232269287	-3.4460601806640625	-3.7195801734924316	-3.0574631690979004		1.174530267715454	-0.4248998165130615	-0.6434135437011719	-0.055733680725097656	-0.7484836578369141	7.871048927307129	4.557647705078125	-0.15422654151916504	0.03216743469238281	0.23067092895507812	0.1123201847076416	-0.09606528282165527	-0.04984736442565918	0.08812880516052246	0.3140134811401367	0.2806234359741211	0.09719347953796387	0.06031680107116699
FGSG_11146	-0.09139156		0.2137742042541504	-0.7096736431121826	-0.7220537662506104	-0.5718538761138916	-0.5426003932952881	0.4387798309326172	1.2441492080688477	2.997959613800049	6.227379322052002	2.763209342956543	2.4874629974365234	4.811302661895752	4.277696132659912	3.553586006164551	3.4535133838653564	6.872783184051514	-0.16019058227539062	-0.23547720909118652	2.3246560096740723	1.7611160278320312	4.423840045928955	1.4375700950622559	3.1173198223114014	6.612801551818848	-4.091139316558838	-5.9456706047058105	-6.153529167175293	-1.8346595764160156	-2.667783260345459	-3.553502082824707	-4.927895545959473	-3.1669797897338867	-3.1546406745910645	-2.290987968444824		0.485321044921875	-0.18495655059814453	-0.5264101028442383	-0.31227684020996094	-0.6504998207092285	5.143512725830078	2.522703170776367	-0.1828136444091797	-0.8774566650390625	-0.9066028594970703	0.17186260223388672	0.05254936218261719	0.14089179039001465	-0.04657387733459473	0.20750689506530762	0.21124672889709473	-0.14302659034729004	0.08691644668579102
FGSG_11164	0.07978773		0.2816629409790039	0.6350293159484863	0.1486663818359375	2.0697364807128906	3.9413061141967773	4.464110374450684	3.3994226455688477	4.600482940673828	3.1105566024780273	5.099452972412109	5.40158748626709	6.127520561218262	3.2013235092163086	3.2219533920288086	3.973090171813965	0.33007001876831055	1.184356689453125	-0.1757664680480957	3.567920684814453	5.112426280975342	3.6412830352783203	-0.14044666290283203	-0.14259672164916992	3.2354021072387695	1.203145980834961	-3.4363198280334473	-5.555811405181885	-3.588346481323242	-4.148590087890625	-0.20203876495361328	-2.639524459838867	-0.29476451873779297	-0.3329305648803711	1.203629493713379		0.48085522651672363	-3.191439628601074	0.06437110900878906	0.16868972778320312	0.32291316986083984	7.135463714599609	-0.4108767509460449	-0.2732996940612793	-0.5974912643432617	-0.1939859390258789	0.15685772895812988	-0.009024620056152344	0.21546387672424316	0.36076927185058594	0.4453463554382324	0.3196530342102051	0.07614326477050781	-0.33377647399902344
FGSG_11184	0.09066248		0.0907135009765625	-0.15474677085876465	0.02388310432434082	0.3175697326660156	1.7154996395111084	2.1088063716888428	2.7978665828704834	1.9199397563934326	1.8204467296600342	5.823696136474609	5.646312713623047	6.939153671264648	6.48017692565918	6.2030229568481445	9.433573722839355	0.4695897102355957	1.3272931575775146	1.0923631191253662	7.280533790588379	5.2553935050964355	0.02921295166015625	5.4861602783203125	4.200723648071289	5.873186111450195	0.2904372215270996	1.129702091217041	0.6002304553985596	-0.1797466278076172	-4.393526554107666	2.9824910163879395	3.3625335693359375	1.0382599830627441	0.9529051780700684	1.9787182807922363		0.2653977870941162	-0.8470335006713867	-0.2175464630126953	0.18847370147705078	0.11721682548522949	0.1858534812927246	1.7558600902557373	-0.545020341873169	-0.5328531265258789	1.364903450012207	0.2740154266357422	-0.03459441661834717	0.4713723659515381	0.20079708099365234	-0.10276651382446289	0.06683683395385742	-0.16298675537109375	0.14707660675048828
FGSG_11306	-0.2643082		-0.009201288223266602	-1.066279649734497	-0.9456532001495361	-0.7290565967559814	-0.9008195400238037	-0.7374062538146973	1.0269765853881836	-0.7912194728851318	0.5264701843261719	2.7890467643737793	2.125453472137451	3.1037769317626953	1.2618303298950195	1.007673740386963	0.3724184036254883	1.2312936782836914	1.0313472747802734	0.09686708450317383	0.9262804985046387	1.7463059425354004	0.18492937088012695	0.24870824813842773	0.0036535260733217	0.05943918228149414	-2.387352228164673	-2.4253737926483154	-2.546381711959839	-3.0124597549438477	-0.7486400604248047	-2.4108991622924805	-2.4863486289978027	0.05361795425415039	0.003737450111657381	0.27565622329711914		1.0262830257415771	-0.28870677947998047	0.13086986541748047	0.17413997650146484	-2.013103485107422	4.28476619720459	1.2006235122680664	-1.9906401634216309	-0.5852236747741699	0.4107327461242676	-0.17702293395996094	-0.07310652732849121	-0.2811243534088135	-0.1846301555633545	-0.23652338981628418	0.12103652954101562	-0.1451568603515625	-0.23520827293395996
FGSG_11366	0.20125794		0.14992046356201172	-1.1254801750183105	-0.8905668258666992	0.3140430450439453	1.6156234741210938	1.606679916381836	0.28217649459838867	1.271446704864502	0.2438497543334961	2.785799980163574	2.5618066787719727	4.069802761077881	3.023926258087158	2.6873669624328613	6.47976016998291	-0.6106767654418945	0.09750986099243164	-0.25826025009155273	5.170863628387451	3.572817325592041	-0.2952127456665039	1.740513801574707	1.1827268600463867	2.6873936653137207	-0.0025589470751583576	1.2178318500518799	0.3630344867706299	-0.13086652755737305	-3.1959657669067383	1.565077543258667	2.396618127822876	2.1276726722717285	2.191804885864258	3.0922861099243164		0.18763184547424316	-1.7547569274902344	-0.16376686096191406	0.31885337829589844	0.04482269287109375	2.2405667304992676	-0.9482500553131104	-0.3866128921508789	-1.2146825790405273	2.9286975860595703	0.13844847679138184	0.13553357124328613	-0.1371316909790039	0.2856264114379883	0.18771672248840332	0.3136434555053711	-0.06255650520324707	0.10778021812438965
FGSG_11367	0.18935204		0.37406063079833984	-0.8008666038513184	-0.3916466236114502	0.06733322143554688	0.4730532169342041	0.22750306129455566	1.3210301399230957	0.36262011528015137	1.0710864067077637	2.1276698112487793	1.2234034538269043	3.7439732551574707	2.579263210296631	1.9191999435424805	6.700592994689941	-0.11329340934753418	1.7336363792419434	1.299466609954834	-0.9841065406799316	3.3239901065826416	-0.1069345474243164	2.5279300212860107	2.606720209121704	3.138791799545288	-0.06125688552856445	0.9167518615722656	0.49761343002319336	-3.445539951324463	-2.2142529487609863	2.0222654342651367	2.542570114135742	1.3939871788024902	1.5868897438049316	1.3872408866882324		0.255598783493042	-0.49889659881591797	-0.22474956512451172	0.12714385986328125	0.023360252380371094	1.6327753067016602	-0.03151988983154297	-0.2237234115600586	-1.7140398025512695	3.478224277496338	0.2520296573638916	0.13897967338562012	0.39882397651672363	0.15459895133972168	0.06255340576171875	0.16311001777648926	-0.04650998115539551	0.35950350761413574
FGSG_11368	-0.5419073		-0.19994664192199707	0.3983500003814697	0.6932861804962158	2.8163764476776123	4.135400772094727	4.8312835693359375	1.7762434482574463	6.872533798217773	6.844552993774414	6.0143327713012695	6.318349838256836	7.509110450744629	8.722184181213379	8.587800025939941	2.2955501079559326	7.882650375366211	8.752019882202148	8.95693302154541	5.597783088684082	2.001803398132324	6.551924705505371	0.3366203308105469	0.7658967971801758	6.154932022094727	-3.6537628173828125	1.3890180587768555	1.297886848449707	-1.7798771858215332	-0.4218425750732422	-2.6228113174438477	0.43805694580078125	-5.223775386810303	-5.1130475997924805	-1.8299322128295898		-0.5100522041320801	-0.06357955932617188	-0.34350013732910156	-0.31191062927246094	-0.3802661895751953	2.794814348220825	0.8839032649993896	0.5994100570678711	-0.7425699234008789	-1.1342525482177734	-0.4494614601135254	-0.5367622375488281	-0.605562686920166	-0.5662651062011719	0.3156132698059082	0.2612497806549072	0.15987682342529297	-0.026186704635620117
FGSG_11411	0.029093742		-0.06554436683654785	-0.8570799827575684	-1.207360029220581	-0.849107027053833	0.5633668899536133	1.4663963317871094	0.8397965431213379	1.5229997634887695	2.335796356201172	2.6746468544006348	2.5534000396728516	4.4644904136657715	3.799792766571045	3.166290283203125	1.6055634021759033	0.26488637924194336	-0.18515348434448242	-0.3245267868041992	2.7597270011901855	1.5674428939819336	-0.09642219543457031	-0.012536287307739258	0.30941343307495117	4.063726425170898	2.005220890045166	-1.68159818649292	-2.7438716888427734	-1.7894296646118164	-2.733062744140625	1.1787691116333008	-0.835228443145752	1.2350001335144043	1.3138847351074219	3.2312827110290527		-0.0949852466583252	-2.495973587036133	-0.07921981811523438	0.22975444793701172	0.08798646926879883	2.6445348262786865	-0.9516003131866455	-1.8979930877685547	-2.655029773712158	1.2334175109863281	0.10239553451538086	0.1834869384765625	0.11747598648071289	-0.30844831466674805	-0.2546501159667969	-0.19834685325622559	-0.5045866966247559	2.106323480606079
FGSG_11429	0.003143311		-0.01583266258239746	-1.8265595436096191	-2.233293056488037	-2.1767799854278564	-2.191596508026123	-1.855346441268921	-0.879033088684082	-0.564549446105957	4.9095635414123535	-0.8645997047424316	-0.3907928466796875	0.5373401641845703	1.8487334251403809	1.7141170501708984	2.9013171195983887	6.579349994659424	0.6074366569519043	-1.0781598091125488	0.38094329833984375	1.1992168426513672	3.908599376678467	2.3732504844665527	2.801776885986328	6.440808296203613	-2.552718162536621	-4.263884544372559	-4.423785209655762	-2.3963966369628906	-0.6213898658752441	-1.524064064025879	-1.875622272491455	-3.924677848815918	-3.9087600708007812	-3.6517786979675293		1.1483089923858643	-0.04671621322631836	-0.4386773109436035	-0.16628646850585938	-0.9887032508850098	0.8938956260681152	2.1277971267700195	-0.1344301700592041	-0.12528324127197266	1.3404197692871094	-0.07675552368164062	-0.10231781005859375	-0.07727265357971191	0.048712730407714844	0.22083330154418945	-0.09220027923583984	0.1538398265838623	-0.04947996139526367
FGSG_11679	-0.25517786		-0.03365743160247803	-0.23601007461547852	-0.13378334045410156	-0.04340696334838867	0.23558330535888672	1.274749994277954	1.319746732711792	4.85807991027832	7.709836006164551	2.5677497386932373	3.1881000995635986	4.750347137451172	7.025639533996582	6.799635887145996	0.8764066696166992	6.218839645385742	4.728509902954102	6.001306533813477	2.989623546600342	1.618983507156372	1.8530902862548828	1.330923080444336	1.4315361976623535	6.253793716430664	-0.5547752380371094	-1.8573999404907227	-2.1138248443603516	-0.12067651748657227	-0.7948694229125977	-0.035198211669921875	-0.9981088638305664	-3.174039840698242	-3.2301816940307617	-2.6844286918640137		-0.10101008415222168	0.24733972549438477	-0.47765302658081055	-0.4468364715576172	-1.4456696510314941	3.9494311809539795	0.1611330509185791	0.6681702136993408	-1.111863136291504	-1.410712718963623	0.10058069229125977	-0.12419044971466064	-0.21334731578826904	0.018778324127197266	-0.3897395133972168	-1.0112061500549316	-1.132946491241455	-0.7860467433929443
FGSG_12207	-0.3593483		-0.5223917961120605	-4.300040245056152	-3.892526865005493	-1.8695406913757324	0.12529611587524414	1.2823262214660645	-0.6574501991271973	2.662529945373535	1.6250925064086914	3.195706367492676	3.404296875	3.751278877258301	4.251346588134766	4.0882768630981445	9.138874053955078	0.8567733764648438	3.890453338623047	2.451502799987793	2.1542205810546875	5.271881103515625	0.5923423767089844	0.11423325538635254	2.172999858856201	1.2322300672531128	2.0977258682250977	1.6152334213256836	-1.503911018371582	-1.3640804290771484	-1.4318552017211914	1.8851852416992188	2.018191337585449	-8.378472328186035	-8.276144981384277	-4.24332857131958		5.578218460083008	-1.6512842178344727	0.10796642303466797	0.04420661926269531	-0.4075927734375	7.423539161682129	2.38677978515625	2.1420271396636963	-0.8173952102661133	0.9520683288574219	-0.3492770195007324	-0.08373212814331055	-0.11710119247436523	-0.0847172737121582	-0.0407567024230957	0.0348200798034668	0.15152668952941895	-0.1273900270462036
FGSG_12438	-0.025115013		0.6032235622406006	0.22500324249267578	0.033843278884887695	0.43956661224365234	1.365260124206543	0.7964568138122559	2.4072632789611816	1.0393133163452148	1.8788933753967285	2.2434496879577637	2.187129497528076	2.218376636505127	1.1423101425170898	1.3444933891296387	1.9478530883789062	-0.5519599914550781	1.9382734298706055	3.2251768112182617	2.2136569023132324	1.407534122467041	0.7355833053588867	0.10798978805541992	-0.7048370838165283	-1.4730267524719238	-2.294203758239746	-0.9999980926513672	-1.5759367942810059	1.6703433990478516	-1.0747604370117188	-2.323711395263672	-1.7377305030822754	-8.124876022338867	-7.792295455932617	-7.704637050628662		1.0305509567260742	-0.08571338653564453	-0.03708314895629883	0.2534799575805664	-1.6481037139892578	-0.10452675819396973	0.06284642219543457	1.3009209632873535	-0.8933405876159668	-0.6832571029663086	0.24070382118225098	0.3469076156616211	0.10564756393432617	-0.11642718315124512	0.1912097930908203	0.3629932403564453	-0.028063297271728516	-1.0631535053253174
FGSG_12560	-0.3899119		0.38206958770751953	0.6220932006835938	0.3775300979614258	0.754936695098877	1.2354700565338135	2.0792763233184814	1.9487802982330322	2.486276865005493	4.772526741027832	4.105700492858887	3.692692995071411	5.771543502807617	3.5003836154937744	3.1138031482696533	1.413529872894287	2.391240358352661	1.212740182876587	0.8996734619140625	-0.8196730613708496	0.8165194988250732	-0.8978900909423828	-0.2628633975982666	0.10321998596191406	0.01835322380065918	-0.41727256774902344	-3.3443217277526855	-4.87803316116333	-5.307093620300293	-2.5435333251953125	-2.207352638244629	-3.1079297065734863	0.3591947555541992	0.2249622344970703	0.2128596305847168		-0.07691001892089844	-0.13909697532653809	-0.6919698715209961	0.02510356903076172	0.1273636817932129	0.6167054176330566	0.3206000328063965	-0.29214000701904297	-1.9974899291992188	-0.5940074920654297	-0.34757089614868164	-0.47287917137145996	-0.2107224464416504	-0.32982611656188965	0.04590630531311035	0.09500980377197266	-0.11948347091674805	-0.13151001930236816
FGSG_12561	-0.049381733		0.21709775924682617	0.6220932006835938	0.3775300979614258	0.754936695098877	1.2354700565338135	2.0792763233184814	1.9487802982330322	2.486276865005493	4.772526741027832	4.105700492858887	3.692692995071411	5.771543502807617	3.5003836154937744	3.1138031482696533	1.413529872894287	2.391240358352661	1.212740182876587	0.8996734619140625	-0.8196730613708496	0.8165194988250732	-0.8978900909423828	-0.2628633975982666	0.10321998596191406	0.01835322380065918	-0.41727256774902344	-3.3443217277526855	-4.87803316116333	-5.307093620300293	-2.5435333251953125	-2.207352638244629	-3.1079297065734863	0.3591947555541992	0.2249622344970703	0.2128596305847168		-0.09884500503540039	-0.13909697532653809	-0.6919698715209961	0.02510356903076172	0.1273636817932129	0.5764815807342529	0.3206000328063965	-0.29214000701904297	-1.9974899291992188	-0.5940074920654297	-0.18394529819488525	-0.01956033706665039	0.24137377738952637	0.07135629653930664	0.04590630531311035	0.09500980377197266	-0.11948347091674805	-0.13151001930236816
FGSG_12920	-0.04861009		-0.0949697494506836	0.4445066452026367	0.16541004180908203	0.4891202449798584	1.4550237655639648	1.0775668621063232	0.6259500980377197	0.5295770168304443	0.8426668643951416	0.4935600757598877	0.3830900192260742	0.40888023376464844	0.45204710960388184	0.5180532932281494	2.691220283508301	0.3174135684967041	2.1600403785705566	0.8764333724975586	-4.535940170288086	1.2550101280212402	-0.1739649772644043	0.26173675060272217	1.793619990348816	-0.1420983076095581	0.036217451095581055	1.6980199813842773	1.2859439849853516	-5.205246925354004	-1.714216947555542	4.004583835601807	2.0172972679138184	0.5996322631835938	0.6333904266357422	0.32106757164001465		-0.0969628095626831	-2.4108500480651855	0.041049957275390625	0.135223388671875	0.03710651397705078	-0.09313905239105225	-0.10649299621582031	-0.21574664115905762	0.19016313552856445	-1.7426905632019043	-0.03865480422973633	-0.1263294219970703	-0.07224023342132568	-0.12855875492095947	0.11995673179626465	0.22806024551391602	-0.016083240509033203	-0.06018328666687012
FGSG_13464	0.2438829		-0.10528779029846191	-1.5061862468719482	-0.8437528610229492	1.7796335220336914	2.842350482940674	2.779867172241211	2.1895666122436523	4.097636699676514	5.340469837188721	4.899301052093506	5.019469738006592	5.003807544708252	6.216163158416748	6.280843257904053	6.2374467849731445	4.608103275299072	0.2962465286254883	1.8328237533569336	3.011730194091797	-0.642237663269043	-0.2855072021484375	4.4298295974731445	5.4968767166137695	6.588007926940918	-1.2848834991455078	-6.04880952835083	-7.0663371086120605	3.0004329681396484	-0.4142465591430664	-4.708914756774902	-6.743117809295654	1.0490474700927734	1.545255184173584	1.1032915115356445		2.2900078296661377	-0.5777568817138672	0.3030271530151367	-0.005912781227380037	-6.292179584503174	6.513710021972656	2.8521366119384766	3.73114013671875	-0.5677337646484375	-3.966096878051758	0.0840601921081543	0.016180038452148438	-0.06036210060119629	0.35620546340942383	0.753960132598877	0.3896965980529785	0.05328035354614258	-0.9022171497344971
FGSG_13952	0.12242317		0.13691020011901855	1.2118897438049316	1.346703052520752	2.950303554534912	4.087646484375	4.505346775054932	2.259693145751953	7.0574798583984375	8.491867065429688	5.423839569091797	5.095756530761719	6.891003608703613	7.809832572937012	7.751633644104004	-0.031349897384643555	-0.1974499225616455	3.7704696655273438	2.3189597129821777	6.384713649749756	2.9008071422576904	4.756945610046387	0.004410028923302889	-0.09722018241882324	-0.14116668701171875	-4.085392951965332	-1.811394214630127	-3.222630023956299	-0.24964284896850586	-1.3741388320922852	-2.480156421661377	-3.951146125793457	-1.529280185699463	-1.656357765197754	1.0145912170410156		0.11216378211975098	0.05610990524291992	0.06311988830566406	-0.2925434112548828	-0.055950164794921875	0.01849961280822754	-0.08553338050842285	-0.06922650337219238	-2.0574655532836914	-1.0855369567871094	-0.11319255828857422	-0.23487448692321777	-0.30131053924560547	-0.1661067008972168	0.42301034927368164	0.27709007263183594	-0.09245967864990234	0.20475983619689941
