GeneName	GeneDescription	HP1	Hos2	MMN	Rpd3	FG19_H4-6	FG19_H7-9	FG19_H10-12	FG19_H13-14	mac1	FG1_H4_H6	FG1_H7_H9	FG1_H10_H12	FG1_H13_H15	FG1_H16_H18	FG7_H4_H6	FG15_H10_H12	FG15_H13_H15	FG6_H7_H9	FG15_H4_H6	FG15_H7_H9	FG15_H16_H18	FG15_H19_H21	FG2_H7_H9	FG6_H4_H6	FG12_H1_H4	FG12_H5_H8	FG12_H9_H11	FG13_H13_H15	PH1	FG2_H4_H6	FG5_H6_H8	FG5_H11_14	FG5_H16_H18	FG5_H21_H25	FG6_H1_H3	cpka	FG13_H4_H6	FG13_H7_H9	FG13_H16_H18	FG16_H4_H6	DESCRIPTION	FG5_H26_H28	FG10_H1_H3	FG11_H4_H6	FG11_H7_H9	FG14_H1_H4s	FG18_H4_H6	MMC	FG7_H7_H9	FG7_H10_H12	FG16_H7_H9	FG16_H10_H12	FG19_H15-17	
null-1.7238855	0	53	617
null-0.48582554	1	45	606
null-0.749866	2	27	597
null-0.749866	3	20	586
null-1.7238855	4	14	576
null0.6674371	2	18	596
null-0.3518877	3	12	585
===========
FGSG_00006	0.1911869		0.2166585922241211	0.16785407066345215	0.36305952072143555	-0.10483503341674805	0.3599367141723633	0.5447666645050049	0.3045799732208252	0.03569507598876953	0.6520164012908936	0.8003599643707275	0.6735270023345947	1.3487598896026611	1.440603494644165	1.4529764652252197	0.5192468166351318	2.0383965969085693	2.7263267040252686	0.6951830387115479	1.7121264934539795	2.510399580001831	1.101513147354126	1.0929768085479736	0.027610063552856445	1.3085834980010986	2.3798322677612305	2.2521800994873047	2.1060566902160645	2.730593204498291	-0.006204367149621248	-0.2898566722869873	-1.5873560905456543	-1.543816089630127	-1.5235660076141357	-1.1951680183410645	0.8611900806427002	-0.11379861831665039	2.528986930847168	0.700747013092041	1.7718100547790527	0.05330610275268555		-1.626619577407837	-0.48032617568969727	0.03539609909057617	0.18340015411376953	-0.2109375	-3.722696542739868	-0.18834185600280762	0.2955331802368164	0.03274655342102051	-0.073333740234375	-0.3598804473876953	1.125436782836914
FGSG_00036	0.10574126		-0.15243494510650635	-0.09281778335571289	1.2300889492034912	-0.12055528163909912	-0.10738039016723633	0.1019597053527832	0.014903068542480469	-0.2163851261138916	-0.5395030975341797	-0.5431263446807861	-0.8434133529663086	-1.12135648727417	-1.311496615409851	-1.4296599626541138	-0.0132598876953125	0.3371434211730957	-0.06655335426330566	0.6649901866912842	0.8912203311920166	0.23346996307373047	0.04754328727722168	0.004497050773352385	4.106945991516113	0.8237564563751221	1.5267224311828613	1.6163125038146973	1.0387907028198242	1.4966466426849365	-0.14618241786956787	-0.23584318161010742	-0.13685059547424316	-0.2706313133239746	-0.11218047142028809	-0.09448599815368652	1.2032668590545654	0.06436967849731445	1.3167331218719482	9.633350372314453	9.407920837402344	0.24616336822509766		-0.20879721641540527	0.004313468933105469	0.7516036033630371	0.12814021110534668	-8.368000984191895	-8.334599494934082	0.21253371238708496	-0.06177330017089844	-0.046959877014160156	0.2238168716430664	-0.17633295059204102	0.05298662185668945
FGSG_00046	-0.1545893		-0.08300185203552246	-0.03274202346801758	0.942934513092041	-0.21914875507354736	-0.06478571891784668	0.024667739868164062	0.04645538330078125	-0.23154282569885254	-0.13712668418884277	-0.31129026412963867	-0.37085676193237305	-0.6051068305969238	-0.6790199279785156	-0.980239987373352	0.11038661003112793	0.35048675537109375	0.25989651679992676	0.7172996997833252	0.7987997531890869	0.3879232406616211	0.2412731647491455	0.24502301216125488	4.035309791564941	0.8337264060974121	1.439927577972412	1.4672999382019043	1.0700364112854004	1.1868133544921875	9.059999683813658E-6	-0.19701337814331055	-0.1112833023071289	-0.13488507270812988	-0.3070366382598877	-0.06130814552307129	0.7971067428588867	-0.09175324440002441	0.9750962257385254	6.819375991821289	5.318340301513672	0.1346433162689209		-0.11333680152893066	-0.060973405838012695	0.6189999580383301	0.1459965705871582	-8.884795188903809	-8.263626098632812	0.016003847122192383	0.13974356651306152	0.20401334762573242	0.09895658493041992	-0.16364002227783203	-0.10952353477478027
FGSG_00047	-0.14614546		-0.04619026184082031	0.28095853328704834	0.3473261594772339	-0.1201317310333252	-0.00870823860168457	0.2054901123046875	-0.004395008087158203	-0.14951491355895996	0.3845036029815674	0.4803330898284912	0.18281340599060059	-0.25012683868408203	-0.4586200714111328	-0.8640568256378174	0.3634767532348633	0.14348649978637695	-0.07546663284301758	1.070216417312622	0.8635499477386475	0.3522000312805176	-0.21257638931274414	0.006086825858801603	0.08564996719360352	1.794426679611206	1.513542652130127	1.785402774810791	1.4467525482177734	1.9168000221252441	0.08024060726165771	-0.5443501472473145	0.10973477363586426	-0.011432170867919922	0.17101788520812988	0.29115986824035645	0.7023966312408447	0.026668906211853027	0.7678203582763672	4.459689617156982	3.2359132766723633	0.5433764457702637		-0.10421204566955566	0.09961342811584473	0.43955016136169434	0.11424994468688965	-1.2768397331237793	-4.834433555603027	0.3334161043167114	0.13321995735168457	0.16214990615844727	-0.24163031578063965	-0.25284361839294434	-0.15149497985839844
FGSG_00048	-0.5403447		-0.45943737030029297	-0.44533610343933105	1.402292013168335	-0.6593656539916992	0.041933298110961914	-0.032273292541503906	0.11783671379089355	-0.2468266487121582	-0.27228593826293945	-0.3053162097930908	-0.4327661991119385	-0.957352876663208	-1.0978195667266846	-1.2713360786437988	0.023703575134277344	0.2557668685913086	-0.48872923851013184	0.640254020690918	1.0020403861999512	0.29520702362060547	-0.4187495708465576	-0.1694660186767578	3.3199172019958496	1.3808107376098633	2.044787883758545	2.2609972953796387	1.9464354515075684	2.1373467445373535	-0.3467378616333008	-0.43355298042297363	-0.24242472648620605	-0.27135801315307617	-0.3446180820465088	0.06491994857788086	0.5501036643981934	-0.46931958198547363	1.2229571342468262	8.087570190429688	8.0518159866333	0.6522297859191895		-0.04435443878173828	0.05326366424560547	1.1771063804626465	0.16857004165649414	-7.73724365234375	-7.659100532531738	-0.4003114700317383	0.11027669906616211	0.021439552307128906	0.13292360305786133	-0.18059349060058594	-0.07138657569885254
FGSG_00049	-0.3142854		-0.3027634620666504	-0.05760073661804199	2.1845288276672363	-0.2106034755706787	0.28810667991638184	0.6705965995788574	0.3012666702270508	-0.0799400806427002	-0.572603702545166	-0.45337343215942383	-0.4008669853210449	-0.8063869476318359	-0.8264336585998535	-1.3353536128997803	0.2912931442260742	0.3726768493652344	-0.13149023056030273	0.5246396064758301	0.9990231990814209	0.35046982765197754	0.008423089981079102	-0.1382300853729248	3.7770326137542725	0.6221630573272705	2.1174397468566895	2.1681723594665527	1.9056434631347656	1.7513599395751953	0.10167694091796875	-0.3184700012207031	-0.3964078426361084	-0.47785067558288574	-0.5683646202087402	-0.502528190612793	0.9447333812713623	-0.20616960525512695	1.4484500885009766	9.332490921020508	9.065393447875977	0.17909002304077148		-0.4894378185272217	0.02863001823425293	1.0638465881347656	0.1179664134979248	-8.152298927307129	-7.396000385284424	0.1247854232788086	0.19614315032958984	0.09917330741882324	0.06568050384521484	-0.2944064140319824	0.07938337326049805
FGSG_00065	-0.16924071		-0.24085044860839844	-0.16035223007202148	0.10838913917541504	-0.06703996658325195	-0.0870898962020874	-0.08895981311798096	-0.031549930572509766	-0.05693984031677246	-0.03951001167297363	-0.09958982467651367	-0.12197685241699219	0.24641656875610352	1.3119630813598633	2.6278436183929443	0.15271306037902832	1.1013133525848389	2.919746160507202	1.8945600986480713	0.6211831569671631	0.6646099090576172	2.7337534427642822	2.8924901485443115	0.16048002243041992	2.6350300312042236	0.45692014694213867	0.5813100337982178	0.24316954612731934	0.773883581161499	0.37943363189697266	-4.93000028654933E-4	-0.21213197708129883	-0.24858927726745605	-0.19843196868896484	0.08576607704162598	1.0147266387939453	0.12304925918579102	1.5979766845703125	-0.11839985847473145	0.012470245361328125	-0.6871471405029297		-0.3803284168243408	0.06435012817382812	-3.5355496406555176	-3.623296022415161	0.1210622787475586	-0.1188197135925293	-0.0898749828338623	-0.05168342590332031	-0.13843655586242676	-1.4127273559570312	-0.6055469512939453	-0.025369882583618164
FGSG_00076	0.36020947		0.2829153537750244	-0.18068289756774902	0.2401440143585205	0.028048038482666016	-0.09982061386108398	0.0797429084777832	0.1099696159362793	0.3542215824127197	0.7960503101348877	1.057593584060669	0.7703936100006104	0.6003501415252686	0.4643568992614746	-0.1943964958190918	0.05114626884460449	0.7607004642486572	0.56231689453125	0.5911433696746826	1.1079704761505127	1.0573666095733643	0.33112335205078125	0.36064696311950684	2.268900156021118	1.0869934558868408	-1.1884746551513672	-1.3740448951721191	-2.03586483001709	1.9401469230651855	-0.0885922908782959	-0.3814697265625	-0.1214754581451416	0.028842687606811523	0.3849449157714844	-0.0072221760638058186	0.7847068309783936	0.2290942668914795	0.9338564872741699	-0.3286166191101074	-0.23828601837158203	-0.27701282501220703		-0.6141455173492432	-0.3576536178588867	0.23833322525024414	0.1365494728088379	4.287257671356201	2.5174336433410645	0.6042664051055908	0.13069987297058105	-0.09916353225708008	-0.34228992462158203	-0.2818565368652344	-0.10284686088562012
FGSG_01770	0.059057474		0.12764930725097656	0.5726635456085205	0.1254889965057373	0.09457898139953613	-0.04638338088989258	0.20608997344970703	0.041086673736572266	0.3902714252471924	-0.5545196533203125	-0.4728662967681885	-0.6302464008331299	-0.6578497886657715	-0.19053292274475098	-0.6355364322662354	0.023920059204101562	0.939643383026123	1.1224465370178223	1.1590967178344727	0.9903168678283691	0.8953232765197754	0.6819934844970703	0.45572352409362793	-0.20075631141662598	1.1432132720947266	1.6923902034759521	2.0442850589752197	1.4534242153167725	1.6037766933441162	0.21095991134643555	-0.29930973052978516	-1.7285306453704834	0.7944860458374023	0.6468796730041504	-0.8385581970214844	1.8292236328125	3.659236431121826	2.2280831336975098	6.364912986755371	-0.06991004943847656	0.027716636657714844		-0.6342206001281738	-0.9171898365020752	-1.2519068717956543	-0.6464800834655762	-0.3457827568054199	0.10841655731201172	-0.07578778266906738	0.2741565704345703	-0.4179966449737549	3.1447501182556152	-0.10986042022705078	0.7801799774169922
FGSG_03516	-0.7022295		-0.5066866874694824	-0.31958532333374023	-0.13733816146850586	-0.5035290718078613	0.08305001258850098	0.17958641052246094	0.2888765335083008	-0.05886673927307129	-0.18743324279785156	-0.2597835063934326	-0.28876328468322754	-0.23843979835510254	-0.26245665550231934	-0.3558766841888428	0.25854992866516113	0.7691566944122314	0.6156501770019531	1.683682918548584	1.5215067863464355	0.9411599636077881	0.6457798480987549	0.7547769546508789	0.059326887130737305	1.966209888458252	1.9731249809265137	2.0349621772766113	1.7235546112060547	1.7207200527191162	-0.746697187423706	-0.1624133586883545	-0.814814567565918	-0.8553979396820068	-0.6241579055786133	-0.43660593032836914	1.1610503196716309	-0.27730226516723633	1.359443187713623	4.979140281677246	6.196157455444336	-0.8715200424194336		-0.8930177688598633	0.10617303848266602	0.5830533504486084	0.2606067657470703	-5.805173873901367	-2.76043701171875	-0.8103127479553223	0.20092344284057617	0.14633679389953613	0.2167835235595703	-2.6756832599639893	0.16766667366027832
FGSG_03536	0.1610415		-0.07229161262512207	0.15481185913085938	0.40907955169677734	-0.12580657005310059	0.0948035717010498	0.058603525161743164	0.20062994956970215	-0.2109966278076172	0.6429696083068848	-0.06721305847167969	0.8638467788696289	2.7428767681121826	1.8227732181549072	1.4387900829315186	0.1538400650024414	2.8864033222198486	3.2716495990753174	0.8489065170288086	1.033329725265503	2.0079166889190674	2.0245535373687744	1.2429602146148682	-0.06119346618652344	0.801363468170166	1.4623820781707764	1.2782447338104248	1.6020991802215576	1.2798700332641602	0.18257951736450195	-0.055930137634277344	-0.8057372570037842	-0.9862766265869141	-0.9979672431945801	-0.7286200523376465	1.3432700634002686	-0.0486602783203125	4.4392852783203125	4.016329765319824	3.11976957321167	-2.8406600952148438		-0.6458840370178223	0.10677003860473633	-4.058237075805664	0.25769901275634766	-6.3175506591796875	-6.8991923332214355	0.17877578735351562	0.05103325843811035	-0.0017299649771302938	0.5638761520385742	-3.9144537448883057	-0.09991657733917236
FGSG_03538	-0.008232832		-0.07327413558959961	-0.08936381340026855	0.31299257278442383	-0.02930450439453125	-0.018363237380981445	0.08552002906799316	0.32354652881622314	-0.003111720085144043	0.10765981674194336	0.2182302474975586	0.1375565528869629	1.3080737590789795	1.1428735256195068	0.9448032379150391	0.06687355041503906	1.5460832118988037	1.9663102626800537	0.5775332450866699	0.9223566055297852	1.3329699039459229	0.6808567047119141	1.1657698154449463	0.0516664981842041	0.7952799797058105	-0.2601199150085449	0.11087465286254883	-0.0404205322265625	1.0439696311950684	0.16707944869995117	-0.25862669944763184	-2.4063422679901123	-2.574094772338867	-2.7320590019226074	-2.6315603256225586	0.9855399131774902	-0.14467263221740723	3.08721661567688	3.251213788986206	2.619199752807617	-1.9552640914916992		-2.704162359237671	0.6784200668334961	0.8742966651916504	-2.756073236465454	-3.1920647621154785	-3.645632743835449	0.15516328811645508	0.047806739807128906	0.11173009872436523	-0.4710206985473633	-2.9600303173065186	-0.13531994819641113
FGSG_03542	-0.21757603		-0.750806450843811	-0.3888101577758789	-0.4899613857269287	-0.6373209953308105	-0.02425360679626465	-0.06136679649353027	0.01842975616455078	-0.33783841133117676	-0.4358866214752197	-0.13471674919128418	-0.4705066680908203	-0.28757357597351074	-0.5310368537902832	-0.7124202251434326	0.1811199188232422	0.5276134014129639	0.911956787109375	0.5946300029754639	0.6731767654418945	0.5874900817871094	0.2902698516845703	0.35193324089050293	-0.09723019599914551	0.7118167877197266	2.0054447650909424	2.218857526779175	1.5421397686004639	1.0818469524383545	-0.7319285869598389	-0.3270866870880127	0.04399299621582031	-0.14254140853881836	-0.4281504154205322	-0.09519147872924805	0.7390432357788086	-0.08921408653259277	1.3413865566253662	1.2673099040985107	0.3283965587615967	-0.6231896877288818		-0.14309048652648926	0.03724360466003418	-0.9787266254425049	-1.0203664302825928	-5.288694858551025	-5.200726509094238	-0.6424887180328369	0.22931313514709473	-0.022480010986328125	-0.31632328033447266	-0.9123232364654541	1.0950398445129395
FGSG_03548	-0.2517953		-0.2659454345703125	-0.36751747131347656	-0.24912452697753906	-0.3106043338775635	0.17345023155212402	0.6578936576843262	0.22498679161071777	1.7262766361236572	-0.1461629867553711	0.27155017852783203	-0.1968698501586914	-0.4576694965362549	-0.6056766510009766	-0.6928730010986328	0.23312973976135254	0.2860267162322998	-0.04848313331604004	0.7002403736114502	0.7226636409759521	0.3713569641113281	0.4390902519226074	0.34179067611694336	0.8308403491973877	0.985093355178833	1.8105769157409668	1.8563966751098633	1.4374547004699707	1.2914130687713623	2.295687437057495	-0.16064977645874023	-0.7094721794128418	-0.751739501953125	-0.7809755802154541	-0.6081640720367432	0.5177068710327148	-0.17509126663208008	0.789576530456543	6.340357303619385	4.0259904861450195	1.0798132419586182		-0.7920689582824707	0.8165767192840576	0.15664982795715332	-0.09264016151428223	-1.843299388885498	-3.7556557655334473	-0.2873518466949463	0.572413444519043	0.5128030776977539	0.10263991355895996	-0.19791650772094727	0.594749927520752
FGSG_04511	-0.1382761		-0.15607714653015137	-0.16596126556396484	-0.5297818183898926	-0.1919870376586914	8.990000060293823E-5	0.2520684003829956	-9.830000344663858E-4	-0.008043289184570312	-0.4246799945831299	-0.4906299114227295	-0.29806017875671387	-0.6813066005706787	-0.6204900741577148	-0.6773033142089844	0.7779099941253662	0.7379765510559082	0.6080334186553955	0.75335693359375	0.9632568359375	0.7673764228820801	0.5040199756622314	0.5131633281707764	0.8657069206237793	1.249610424041748	1.059351921081543	1.3135700225830078	0.8476200103759766	0.07942962646484375	-0.42181944847106934	-0.47986316680908203	-1.3049705028533936	-1.4288363456726074	-1.3532607555389404	-1.1822900772094727	0.837090015411377	-0.49648284912109375	0.8604965209960938	3.1804232597351074	2.445010185241699	-0.2950899600982666		-1.3338539600372314	0.16102027893066406	0.21866321563720703	0.18861985206604004	-2.459737777709961	-0.09451627731323242	-0.3737170696258545	0.8189468383789062	0.725226640701294	-0.29809021949768066	-0.6003067493438721	1.2351833581924438
FGSG_04678	-0.030435205		-0.033409714698791504	0.06660938262939453	0.006366134155541658	-0.17313015460968018	-0.28049683570861816	-0.22242999076843262	-0.12279677391052246	-0.37665677070617676	-0.45276665687561035	-0.5235264301300049	-0.9057800769805908	-0.9908034801483154	0.823906660079956	2.096519947052002	-0.5089867115020752	0.23138999938964844	0.3863699436187744	1.1250534057617188	0.5918533802032471	0.3874702453613281	0.4374532699584961	0.9538936614990234	-0.05005335807800293	1.72337007522583	1.1973824501037598	1.4083547592163086	0.9867372512817383	1.124546766281128	0.32621049880981445	0.0668032169342041	0.12318849563598633	0.2259519100189209	0.07306528091430664	0.08484196662902832	0.7773768901824951	0.05197715759277344	-3.9419169425964355	-4.693813323974609	0.10977005958557129	-0.46474671363830566		0.0353853702545166	-0.13160347938537598	0.30591344833374023	0.258636474609375	0.026952743530273438	0.11367011070251465	0.12547600269317627	-0.38048696517944336	-0.5631968975067139	-0.23942041397094727	-0.08213376998901367	-0.45036351680755615
FGSG_04708	-0.73454595		-0.6978142261505127	-0.6675243377685547	-0.4613943099975586	-0.6353721618652344	1.0690531730651855	0.368253231048584	-0.37288665771484375	-1.1960601806640625	0.8547501564025879	1.3342738151550293	1.038957118988037	0.5821132659912109	0.45774030685424805	-0.10840320587158203	1.954970359802246	1.1819734573364258	0.7655167579650879	0.6113600730895996	1.7341938018798828	1.2313637733459473	0.40276336669921875	0.8646602630615234	0.4046468734741211	0.880523681640625	2.611030101776123	2.7112197875976562	2.4543848037719727	1.3761162757873535	-0.6630067825317383	-0.2578697204589844	-0.13883304595947266	-0.10405731201171875	-0.11699342727661133	0.024834156036376953	0.6912264823913574	-0.5464844703674316	1.8970155715942383	0.3851461410522461	-0.2734832763671875	-0.12910985946655273		0.24479007720947266	1.5139431953430176	0.5796694755554199	0.29766368865966797	-2.488095760345459	-1.899226188659668	-0.08904075622558594	-0.023646831512451172	-0.32456016540527344	0.01578998565673828	-0.898343563079834	2.5356826782226562
FGSG_04866	-0.46969974		-0.3139786720275879	-0.3859456777572632	0.2905890941619873	-0.30596768856048584	0.3416733741760254	0.5328197479248047	0.510383129119873	-0.02277684211730957	-1.0487396717071533	-0.8927695751190186	-0.9898362159729004	-0.9804294109344482	-0.8380930423736572	-1.1559662818908691	-0.06412339210510254	0.4744873046875	0.45264339447021484	-0.8480932712554932	0.21679019927978516	-0.12554931640625	-0.4042830467224121	-0.802809476852417	-0.8012595176696777	-0.7953259944915771	1.9364423751831055	2.2763872146606445	1.9005227088928223	0.7392864227294922	-0.13831782341003418	-1.068699598312378	-1.0702478885650635	-1.0265352725982666	-1.287794589996338	-0.9657938480377197	-0.7229998111724854	-0.2438368797302246	3.120020866394043	1.998816967010498	1.200549602508545	-1.887376308441162		-1.155231237411499	0.13247966766357422	-0.7210831642150879	-0.46236324310302734	-0.5109004974365234	-5.823763847351074	-0.3490530252456665	1.4168500900268555	0.3763430118560791	-0.39710283279418945	-2.5216028690338135	0.27051639556884766
FGSG_05610	-0.41179848		-0.43140125274658203	-1.4756426811218262	-0.02489948272705078	-0.6589231491088867	-0.46633243560791016	-0.1453990936279297	-1.2110528945922852	-0.12394857406616211	1.0311965942382812	0.928863525390625	0.6386399269104004	0.09499025344848633	-0.019590377807617188	-0.5995402336120605	0.6846399307250977	0.8186731338500977	-0.20452356338500977	-0.08031344413757324	1.6445093154907227	0.889439582824707	-0.31737685203552246	0.30016326904296875	-0.10949373245239258	0.15674304962158203	3.319462299346924	3.0821046829223633	2.735865592956543	2.769392967224121	0.12767696380615234	-0.7278666496276855	-0.39359521865844727	-0.30646848678588867	-0.8767783641815186	-0.3656020164489746	0.4164566993713379	-2.107940673828125	2.5587868690490723	-0.12318658828735352	-0.37658023834228516	0.8339829444885254		-0.5089280605316162	0.19974994659423828	0.6437368392944336	0.020996570587158203	-0.6393446922302246	-0.05624675750732422	-0.25070762634277344	0.14097309112548828	-0.47754669189453125	0.30405664443969727	-1.900000061141327E-4	-1.0032086372375488
FGSG_06447	-0.058850527		-0.08288407325744629	0.1397876739501953	-0.06551790237426758	-0.28261494636535645	0.13107991218566895	0.9602231979370117	0.730449914932251	-0.12982487678527832	0.059403419494628906	0.08170032501220703	-0.2248234748840332	0.04493999481201172	-0.21506643295288086	-1.0209300518035889	0.3437333106994629	0.0707235336303711	-0.1759037971496582	0.6761436462402344	0.7665238380432129	0.4795670509338379	-0.4261164665222168	0.01880025863647461	1.7896103858947754	0.7789196968078613	2.4913101196289062	2.2816672325134277	1.732332706451416	2.0474300384521484	-0.2929525375366211	0.36353635787963867	0.015620231628417969	2.4289627075195312	0.6382336616516113	0.9667963981628418	0.4295468330383301	-0.06123924255371094	-0.9109301567077637	-2.3953371047973633	-3.4699999378062785E-4	-0.27666330337524414		0.4043736457824707	-2.360227108001709	0.34718990325927734	0.05424690246582031	-0.34261512756347656	0.24775981903076172	-0.15113258361816406	0.27408647537231445	-0.036966800689697266	0.7223467826843262	-0.6810169219970703	0.28882336616516113
FGSG_06449	0.0351398		-0.08588218688964844	-0.06345200538635254	-0.16534066200256348	0.11142563819885254	-0.042929887771606445	1.1923434734344482	0.8557033538818359	-0.3946882486343384	-0.10089635848999023	-0.04165983200073242	-0.19019651412963867	0.23058676719665527	-0.28501319885253906	-0.6490597724914551	0.17279338836669922	0.32823705673217773	0.08438348770141602	0.9022171497344971	0.7407534122467041	0.6618263721466064	0.01817011833190918	0.3183565139770508	-0.04586982727050781	1.386343240737915	1.9364972114562988	1.8906903266906738	1.3252458572387695	1.7301530838012695	-0.13471317291259766	-0.015096664428710938	0.07459068298339844	2.6638362407684326	0.5751640796661377	0.8278143405914307	0.801689863204956	0.16533732414245605	-1.2740631103515625	-2.488386869430542	-0.18851351737976074	-0.6526660919189453		0.464597225189209	-3.677563428878784	0.10421967506408691	0.10906004905700684	-0.16439485549926758	-0.144883394241333	-0.06055474281311035	0.1997365951538086	-0.07085657119750977	-0.22735977172851562	-0.9886062145233154	-0.1746366024017334
FGSG_06450	-0.04253912		-0.04370999336242676	-0.07457542419433594	0.008506298065185547	-0.11813545227050781	-0.055733442306518555	-0.1043233871459961	0.04991340637207031	-0.30373144149780273	-0.03374004364013672	0.48256659507751465	0.03419637680053711	0.34839320182800293	-0.052876949310302734	-0.32878661155700684	0.21989965438842773	0.31815028190612793	0.13571643829345703	0.5742166042327881	1.0743129253387451	0.5073301792144775	0.0510866641998291	0.05402970314025879	-0.09543681144714355	1.0887930393218994	2.786530017852783	2.4106898307800293	1.9580392837524414	1.6695899963378906	-0.07484030723571777	-0.014753341674804688	-0.2863585948944092	2.5781779289245605	0.7006311416625977	0.7577176094055176	0.34337306022644043	0.1455705165863037	-2.2826695442199707	-3.3692498207092285	-0.49413013458251953	-0.1661529541015625		0.3019447326660156	-2.55953311920166	0.11341333389282227	0.001653193961828947	-0.4633054733276367	0.10504007339477539	-0.038701534271240234	0.151353120803833	-0.22721004486083984	0.030263423919677734	-0.431760311126709	-0.08483004570007324
FGSG_07641	-0.034228444		-0.14729416370391846	-0.04570293426513672	-0.09286880493164062	-0.21567213535308838	0.11822009086608887	0.15826988220214844	1.224679708480835	-0.19865012168884277	-0.5062029361724854	-0.40799641609191895	-0.10446643829345703	0.5486268997192383	0.8147602081298828	0.5857334136962891	-0.6749899387359619	0.5835568904876709	0.9722304344177246	2.7234303951263428	0.6282601356506348	0.6653668880462646	1.252213716506958	1.1010735034942627	0.041210174560546875	3.5085976123809814	-1.3816423416137695	-1.0937223434448242	-1.380699634552002	1.770073413848877	-0.054170966148376465	-0.04172635078430176	0.1614236831665039	-0.5841207504272461	0.08132743835449219	0.06473970413208008	1.6402037143707275	-0.07756960391998291	1.6870133876800537	1.3947136402130127	0.6353697776794434	1.7154836654663086		-0.47124600410461426	-0.13701629638671875	0.45640039443969727	0.993196964263916	2.937230110168457	-0.035253047943115234	0.27132856845855713	-0.6972701549530029	-0.421966552734375	0.5443406105041504	0.98919677734375	-0.06954669952392578
FGSG_11260	-0.1750443		0.15940403938293457	-0.08557629585266113	0.020214557647705078	-0.13606691360473633	0.07519340515136719	-0.1050264835357666	0.2022700309753418	-0.17730307579040527	0.3648967742919922	0.6420800685882568	0.3984498977661133	1.5426530838012695	1.265913486480713	0.9127335548400879	-0.07607316970825195	0.5702235698699951	0.46449971199035645	0.8806099891662598	0.6200132369995117	0.508366584777832	0.349163293838501	0.2501065731048584	0.8449831008911133	0.5892531871795654	0.22002220153808594	0.23235273361206055	-0.06821870803833008	1.5558867454528809	-0.15368437767028809	0.01568007469177246	-0.6885862350463867	-0.7623445987701416	-0.8496627807617188	-0.7008078098297119	0.6380031108856201	0.24790287017822266	0.6361932754516602	-0.2908501625061035	0.04313039779663086	0.1016700267791748		-0.6941230297088623	-0.06785345077514648	0.20806336402893066	0.14414668083190918	1.1447548866271973	0.0969231128692627	0.08289551734924316	0.012900114059448242	-0.006273508071899414	-0.04051017761230469	0.03729653358459473	-0.0014798640040680766
FGSG_11551	-0.35534477		-0.4116477966308594	-0.24344897270202637	-0.24306750297546387	-0.3748025894165039	-0.9458496570587158	-0.7320561408996582	0.7902469635009766	-0.7950162887573242	-0.5933535099029541	-0.263993501663208	-0.0825035572052002	0.311626672744751	-0.07764649391174316	-0.3974432945251465	-1.4462964534759521	0.6442863941192627	0.9941132068634033	0.700573205947876	0.7536265850067139	0.7112300395965576	0.11848330497741699	-0.06259346008300781	2.339125871658325	0.8028862476348877	1.7085721492767334	1.874039888381958	1.3761813640594482	0.08401298522949219	0.2801778316497803	1.7056801319122314	-0.0961143970489502	0.06715846061706543	0.41165924072265625	0.06143379211425781	0.4283630847930908	-0.36085057258605957	1.5703797340393066	-0.33409690856933594	-0.6683831214904785	-1.2208566665649414		-0.3723175525665283	-0.31298017501831055	-1.3979265689849854	-0.5734500885009766	-1.0791444778442383	-4.739557266235352	0.3878345489501953	-1.3634164333343506	-1.5428731441497803	-0.46764326095581055	-1.4465832710266113	-1.5153563022613525
FGSG_11655	-0.08700824		-0.19297575950622559	-0.4425773620605469	0.9529609680175781	-0.30592775344848633	0.07024335861206055	0.10608339309692383	0.08744001388549805	-0.02879500389099121	-0.060339927673339844	0.004389762878417969	-0.2848701477050781	-0.47573328018188477	-0.6357166767120361	-0.9264731407165527	-0.2925601005554199	0.27855968475341797	-0.20801663398742676	0.341400146484375	0.7216298580169678	0.4295365810394287	-0.14746332168579102	-0.020346879959106445	2.835089921951294	0.46296000480651855	1.6855874061584473	1.5306200981140137	0.9140892028808594	1.803553819656372	-0.25551533699035645	-0.459733247756958	-0.020090341567993164	-0.08762884140014648	-0.1331636905670166	-0.19253754615783691	0.4736900329589844	0.05248904228210449	1.4006531238555908	8.764482498168945	8.065342903137207	0.27557373046875		0.02634286880493164	0.32843637466430664	0.38648009300231934	-0.1699230670928955	-7.704307556152344	-8.012660026550293	-0.19429492950439453	-0.2746398448944092	-0.39441633224487305	0.17689037322998047	0.10682010650634766	0.353100061416626
FGSG_11656	-0.26094913		-0.15004491806030273	-0.2052614688873291	0.8416974544525146	-0.41116225719451904	0.031193256378173828	0.09712982177734375	0.06570982933044434	-0.034743547439575195	0.17786312103271484	-0.017063379287719727	-0.27880001068115234	-0.3525199890136719	-0.5858232975006104	-0.9895899295806885	0.08991003036499023	-0.007659912109375	-0.5000267028808594	0.6368064880371094	0.6813735961914062	0.052486419677734375	-0.3738133907318115	-0.12525677680969238	1.434863567352295	0.7106165885925293	1.5301399230957031	2.0635852813720703	1.4985952377319336	1.6939234733581543	-0.333698034286499	-0.3752403259277344	-0.06272172927856445	-0.08858919143676758	-0.2451953887939453	-0.10560154914855957	0.4860267639160156	-0.049211978912353516	0.9279665946960449	4.831419944763184	5.1707000732421875	0.3921999931335449		-0.1572418212890625	0.16136646270751953	0.6320369243621826	0.02597355842590332	-7.163769721984863	-6.226690292358398	-0.0072481632232666016	0.10977363586425781	0.014900208450853825	0.07761001586914062	-0.38472652435302734	0.08829975128173828
