GeneName	GeneDescription	mac1	FG1_H4_H6	FG1_H7_H9	FG1_H10_H12	FG15_H4_H6	FG1_H13_H15	FG1_H16_H18	FG7_H10_H12	FG15_H7_H9	FG15_H16_H18	FG6_H1_H3	FG6_H4_H6	FG6_H7_H9	FG15_H10_H12	FG15_H19_H21	FG2_H7_H9	FG7_H4_H6	FG7_H7_H9	FG13_H4_H6	FG15_H13_H15	FG19_H7-9	FG19_H15-17	FG2_H4_H6	FG13_H7_H9	FG14_H1_H4s	FG19_H4-6	FG19_H10-12	FG19_H13-14	MMC	MMN	PH1	FG12_H1_H4	FG12_H5_H8	FG12_H9_H11	FG13_H13_H15	HP1	Hos2	Rpd3	FG11_H4_H6	FG16_H4_H6	DESCRIPTION	FG10_H1_H3	FG11_H7_H9	FG16_H7_H9	FG18_H4_H6	cpka	FG5_H6_H8	FG5_H11_14	FG5_H16_H18	FG5_H21_H25	FG5_H26_H28	FG13_H16_H18	FG16_H10_H12	
null-0.8060827	0	53	665
null-0.3242941	1	28	656
null0.43807554	2	23	647
null-0.07946205	3	17	638
null-0.5560727	4	10	628
null-0.29355812	1	25	655
null0.13288307	2	18	646
null-0.8579788	3	10	637
===========
FGSG_00395	0.06437874		-5.033776760101318	-3.2408900260925293	-1.1268062591552734	0.06945991516113281	-0.08480358123779297	0.6073904037475586	1.1560659408569336	0.20569324493408203	1.6153039932250977	1.725560188293457	2.2104902267456055	0.6192731857299805	2.297822952270508	2.043367385864258	1.6694402694702148	2.0022459030151367	1.63824462890625	1.459050178527832	1.5566864013671875	2.1607370376586914	2.6143646240234375	2.1743316650390625	1.3858203887939453	0.2748527526855469	0.15095043182373047	1.9316158294677734	1.2669973373413086	1.9746017456054688	-1.922508716583252	-1.8221063613891602	-2.1431188583374023	-4.013735771179199	-5.232375144958496	-0.6514902114868164	-1.7979764938354492	-0.08291244506835938	-0.3302583694458008	0.15547657012939453	-0.16735267639160156	-0.0772542953491211		-0.023619651794433594	0.055339813232421875	-0.3049173355102539	-0.16332149505615234	-0.6949453353881836	-0.45006370544433594	-0.704075813293457	-1.0096368789672852	-0.6469078063964844	-0.28768348693847656	-1.4411907196044922	-1.3376703262329102
FGSG_00631	-0.49158573		-3.967604160308838	-3.0955634117126465	-1.7475237846374512	-0.6203041076660156	-0.8034496307373047	-0.1804027557373047	-0.015163421630859375	0.3365011215209961	0.5466632843017578	0.6652297973632812	1.3018417358398438	-0.18117046356201172	1.267343521118164	1.183309555053711	0.7915630340576172	1.025390625	2.1436071395874023	1.8752775192260742	1.5277137756347656	1.091639518737793	1.4501018524169922	1.0808048248291016	0.3354167938232422	-0.13686370849609375	0.17629623413085938	0.6752796173095703	-0.4287443161010742	0.050543785095214844	-2.4640908241271973	-1.968733787536621	-1.0631933212280273	-2.1551132202148438	-2.6204633712768555	-0.2595939636230469	-1.565053939819336	-0.7609596252441406	-0.7111921310424805	0.06645965576171875	-0.1698598861694336	-0.2716999053955078		0.10821056365966797	-0.006122589111328125	-0.5416831970214844	-0.2471466064453125	-0.9425497055053711	-0.9371929168701172	-0.7114658355712891	-0.8835535049438477	-0.6279678344726562	-0.47077083587646484	-1.6205825805664062	-2.4673633575439453
FGSG_00634	-1.0932827		-4.272856712341309	-2.4536805152893066	-1.0807771682739258	0.08279991149902344	-0.5193138122558594	0.37401390075683594	0.5802497863769531	0.6996135711669922	1.1676931381225586	1.3507671356201172	2.0894126892089844	0.3228492736816406	1.8364028930664062	1.871133804321289	1.345510482788086	2.173773765563965	2.162520408630371	1.9762535095214844	1.3683395385742188	1.8853168487548828	0.7639236450195312	2.090743064880371	1.3274192810058594	-0.8541803359985352	0.05688285827636719	0.33982372283935547	-1.3722038269042969	0.20209789276123047	-3.6090216636657715	-2.5681028366088867	-2.7175440788269043	-2.783492088317871	-3.153164863586426	-0.62725830078125	-2.4627761840820312	-1.3637518882751465	-1.2672538757324219	-0.17893600463867188	-0.250579833984375	-0.21007347106933594		0.03785896301269531	-0.02826690673828125	-0.6020336151123047	-0.2590627670288086	-1.436021327972412	-0.8606147766113281	-0.9782791137695312	-1.2981843948364258	-1.0500164031982422	-0.6058721542358398	-2.1743555068969727	-2.2377872467041016
FGSG_00671	-0.35117245		-3.206733226776123	-2.225782871246338	-0.8069596290588379	0.4582033157348633	-0.28201961517333984	0.9664096832275391	1.14324951171875	0.5035572052001953	1.2540130615234375	1.399083137512207	2.66567325592041	1.0643539428710938	2.4091100692749023	2.0502538681030273	1.5189199447631836	1.9775733947753906	2.303926467895508	2.086066246032715	1.660386085510254	2.0421600341796875	1.5475196838378906	1.1529412269592285	1.3682928085327148	-0.34943675994873047	0.034018516540527344	0.8699297904968262	0.3358783721923828	0.3184947967529297	-2.5643858909606934	-1.933180809020996	-2.791200637817383	-2.637322425842285	-2.783778190612793	-0.003267287975177169	-2.1087894439697266	-0.4510459899902344	-0.6062650680541992	0.025918006896972656	-0.10236740112304688	-0.06863689422607422		0.09567546844482422	0.10508346557617188	-0.44034290313720703	-0.09334659576416016	-1.2444019317626953	-1.0988397598266602	-1.0362739562988281	-1.4459466934204102	-1.1705389022827148	-0.5191030502319336	-1.8103132247924805	-1.8067054748535156
FGSG_00798	-1.6180725		-3.9778189659118652	-2.927405834197998	-1.8266825675964355	-0.5433130264282227	-0.008472442626953125	-0.004479407798498869	0.06965065002441406	0.758580207824707	1.0738744735717773	1.2005243301391602	2.046804428100586	0.47536659240722656	2.213193893432617	1.5939865112304688	1.4575271606445312	1.6994915008544922	2.5511560440063477	2.221527099609375	1.2589921951293945	1.5703144073486328	2.9702162742614746	2.3428406715393066	1.0077171325683594	0.0749502182006836	0.29344940185546875	2.3375658988952637	1.572312831878662	1.0653767585754395	-3.375391960144043	-2.9031572341918945	-3.2476978302001953	-1.9001235961914062	-1.575392723083496	-0.18719768524169922	-1.7985553741455078	-1.5992450714111328	-1.2921762466430664	-0.8562488555908203	-0.18393707275390625	0.08874988555908203		0.10489654541015625	-0.08932971954345703	-0.4200420379638672	-0.17981624603271484	-1.4259796142578125	-0.7302894592285156	-0.9143905639648438	-1.1077032089233398	-0.5818614959716797	-0.3755826950073242	-1.3075389862060547	-1.9982671737670898
FGSG_00802	-1.1134844		-3.0073037147521973	-2.1075167655944824	-0.7694644927978516	0.22571659088134766	-0.283416748046875	0.5912437438964844	0.6444530487060547	0.6321792602539062	1.0506067276000977	0.5412559509277344	1.2554664611816406	-0.1455831527709961	1.037759780883789	1.7019357681274414	0.7438468933105469	1.6995010375976562	2.0745668411254883	1.9265918731689453	1.3114185333251953	1.5397701263427734	0.546205997467041	1.784013271331787	1.050642967224121	-0.8432426452636719	0.15352439880371094	0.09070968627929688	-0.8866133689880371	-0.0540318489074707	-3.659390926361084	-2.622628688812256	-2.7828941345214844	-2.6764373779296875	-2.812467575073242	-0.6413507461547852	-1.8813838958740234	-1.4880223274230957	-1.3623452186584473	-0.5953855514526367	-0.13735675811767578	-0.3021984100341797		0.11315441131591797	0.03761577606201172	-0.44234275817871094	-0.43093013763427734	-1.4648118019104004	-0.9114856719970703	-1.136124610900879	-1.3698749542236328	-1.0410699844360352	-0.5233688354492188	-1.6563262939453125	-2.1975793838500977
FGSG_00845	-0.65275764		-3.0536437034606934	-2.0284972190856934	-0.834296703338623	0.13671588897705078	0.1606121063232422	0.6741867065429688	1.0562095642089844	0.5600271224975586	1.4421300888061523	1.3428821563720703	1.7976264953613281	-0.10624027252197266	1.1861820220947266	2.3496627807617188	1.3888864517211914	1.7161216735839844	2.4823989868164062	2.2061805725097656	1.4039154052734375	2.2566661834716797	1.2060441970825195	2.07672119140625	1.3019895553588867	-1.1218376159667969	-0.05072593688964844	0.1178274154663086	-1.6358461380004883	-0.10207653045654297	-2.4954118728637695	-1.8095321655273438	-2.6441726684570312	-2.493314743041992	-2.939983367919922	-0.22262001037597656	-2.3795576095581055	-0.5989055633544922	-0.9187679290771484	0.018444061279296875	-0.16256141662597656	-0.4508399963378906		0.10874080657958984	0.06022357940673828	-0.5757999420166016	-0.4087696075439453	-1.0491743087768555	-1.2768974304199219	-1.2287731170654297	-1.8276872634887695	-1.3092994689941406	-0.7207212448120117	-2.2632570266723633	-2.326406478881836
FGSG_00904	-0.11940098		-3.80112361907959	-3.6763968467712402	-2.7367100715637207	-1.5502772331237793	-1.484140396118164	-1.5941767692565918	-0.31095314025878906	1.5025334358215332	-0.395510196685791	1.2967462539672852	0.26339244842529297	0.39112281799316406	1.1205759048461914	0.2883634567260742	1.3362207412719727	0.6569538116455078	2.230940341949463	3.2019400596618652	1.3369970321655273	0.6960935592651367	2.0904297828674316	0.529327392578125	0.4165029525756836	1.5291757583618164	0.2698650360107422	1.2163867950439453	1.6159234046936035	1.4593868255615234	-1.0830140113830566	-1.0035881996154785	-0.19801664352416992	-2.820201873779297	-2.9501748085021973	-0.9930334091186523	-2.3245320320129395	-0.5042366981506348	0.1784815788269043	0.6131048202514648	-0.3794364929199219	0.5181217193603516		-0.05232048034667969	-0.09281349182128906	-0.39608001708984375	-0.05836296081542969	0.7637372016906738	-0.7732753753662109	-1.7006139755249023	-1.4286918640136719	-0.7018890380859375	-0.7405223846435547	-0.16921234130859375	-1.654144287109375
FGSG_01016	-0.91577625		-4.376519203186035	-3.1745057106018066	-1.569025993347168	-0.30037498474121094	-1.0623054504394531	0.1526470184326172	0.24889373779296875	0.30210113525390625	0.37592124938964844	0.5599899291992188	1.1935672760009766	-0.4286794662475586	0.6284971237182617	1.2765235900878906	0.5699272155761719	1.537353515625	1.7518806457519531	1.5268993377685547	1.1618804931640625	1.2801504135131836	-0.4512300491333008	-0.4893531799316406	1.0313549041748047	-0.8399572372436523	0.037952423095703125	-1.4904565811157227	-2.109651565551758	-1.5057368278503418	-3.187633991241455	-2.4164252281188965	-2.413264274597168	-3.2139596939086914	-3.736992359161377	-0.7487106323242188	-2.2980270385742188	-1.0441036224365234	-1.0162334442138672	-0.2882862091064453	-0.2729825973510742	-0.2908601760864258		0.027286529541015625	-0.06038665771484375	-0.5232734680175781	-0.2097625732421875	-1.1754446029663086	-0.8575544357299805	-0.8831748962402344	-1.6395978927612305	-1.2307558059692383	-0.3829641342163086	-1.8984336853027344	-1.9825725555419922
FGSG_01021	-0.8991842		-4.135226249694824	-2.8441295623779297	-1.1362295150756836	0.05078411102294922	-0.5402231216430664	0.3287944793701172	0.5019636154174805	0.5901088714599609	0.9937505722045898	1.523183822631836	2.083451271057129	0.46697998046875	1.9810810089111328	1.7529430389404297	1.7168903350830078	1.7181463241577148	2.2322912216186523	2.0245113372802734	1.3576345443725586	1.861710548400879	1.813187599182129	1.676340103149414	1.1448965072631836	-0.1967926025390625	0.14163494110107422	0.6078710556030273	-0.7891697883605957	0.13416767120361328	-3.131744861602783	-2.298959255218506	-2.481149673461914	-2.7788000106811523	-3.3013854026794434	-0.3249835968017578	-2.2482757568359375	-0.9419546127319336	-1.0360345840454102	-0.23357677459716797	-0.2207508087158203	-0.1343994140625		0.06944656372070312	-0.07731437683105469	-0.529973030090332	-0.23598194122314453	-1.3928413391113281	-0.6564950942993164	-0.9607400894165039	-1.2869815826416016	-1.0659904479980469	-0.28539180755615234	-1.709355354309082	-2.1524972915649414
FGSG_01081	-0.75535107		-5.349440574645996	-3.6018500328063965	-1.6961641311645508	-0.6054973602294922	-0.9438571929931641	-0.2239665985107422	0.09162330627441406	0.5320968627929688	0.769622802734375	1.0136375427246094	1.7791500091552734	0.049945831298828125	1.592259407043457	1.5536785125732422	1.0175895690917969	1.5793571472167969	2.11627197265625	1.9253101348876953	1.3676834106445312	1.5462226867675781	0.19765567779541016	-6.409999914467335E-4	1.0262460708618164	-0.19131946563720703	0.02192211151123047	-0.2927403450012207	-0.9268865585327148	-0.14147710800170898	-3.225212574005127	-2.2240095138549805	-2.9535717964172363	-2.9926443099975586	-3.5450925827026367	-0.3724498748779297	-2.047266960144043	-0.7472686767578125	-1.3535881042480469	-0.16419124603271484	-0.199737548828125	-0.0305633544921875		0.060489654541015625	0.02263641357421875	-0.49236106872558594	-0.13536357879638672	-1.437037467956543	-0.9094572067260742	-1.0537128448486328	-1.3564844131469727	-1.048008918762207	-0.506561279296875	-1.4151172637939453	-1.8210334777832031
FGSG_01154	-1.0517683		-3.6184797286987305	-2.325986385345459	-0.3525123596191406	0.7581233978271484	0.6539840698242188	1.1624336242675781	1.3820075988769531	0.7126531600952148	1.9551868438720703	1.9542808532714844	2.211979866027832	0.6226205825805664	2.0042648315429688	2.4593868255615234	2.04323673248291	1.8718500137329102	2.1527204513549805	2.010953903198242	1.3982315063476562	2.4468698501586914	2.1869468688964844	2.1045360565185547	1.4959735870361328	-0.4489593505859375	0.12873268127441406	0.9879961013793945	0.11595916748046875	1.0776424407958984	-3.3406553268432617	-2.7088675498962402	-2.797393798828125	-3.3009843826293945	-3.6740522384643555	-0.2768278121948242	-1.6150932312011719	-1.3016767501831055	-1.2612190246582031	-0.5186023712158203	-0.08234024047851562	-0.03599262237548828		0.050426483154296875	0.04831981658935547	-0.4054088592529297	-0.23581981658935547	-1.6077394485473633	-0.9205923080444336	-1.1874656677246094	-1.5747594833374023	-1.1106634140014648	-0.5986509323120117	-1.6545724868774414	-2.214479446411133
FGSG_01238	-0.6986246		-5.027413845062256	-3.5791401863098145	-2.31003999710083	-0.9277334213256836	-1.074610710144043	-0.5107803344726562	-0.29954051971435547	0.4774818420410156	0.5527124404907227	0.6681365966796875	2.081676483154297	0.44776058197021484	1.819880485534668	1.1220521926879883	0.9243841171264648	1.4071197509765625	2.3886890411376953	2.0940628051757812	1.4899702072143555	1.0481462478637695	1.5004196166992188	1.5421247482299805	0.9730424880981445	0.3742704391479492	0.20204544067382812	1.3301877975463867	0.31790733337402344	0.9092569351196289	-2.6579270362854004	-2.3336000442504883	-1.8748455047607422	-2.7759695053100586	-3.1411571502685547	-0.46097278594970703	-2.3018798828125	-1.187267780303955	-0.8951425552368164	-0.19803619384765625	-0.1636676788330078	-0.03293609619140625		0.021600723266601562	0.06139945983886719	-0.49364280700683594	-0.00823211669921875	-0.9892282485961914	-0.8248195648193359	-1.0268888473510742	-1.2980785369873047	-0.9030389785766602	-0.3477363586425781	-1.2452592849731445	-2.2004337310791016
FGSG_01278	-0.5563793		-4.863821029663086	-2.6812539100646973	-0.9050173759460449	0.5206298828125	-0.18320369720458984	0.7337360382080078	1.092123031616211	0.6941604614257812	1.5744962692260742	2.081541061401367	2.602309226989746	1.038919448852539	2.502452850341797	2.23419189453125	2.121419906616211	2.0824337005615234	2.2356433868408203	2.0192670822143555	1.5253067016601562	2.32525634765625	2.091965675354004	2.2450361251831055	1.5561399459838867	-0.05656242370605469	0.1427154541015625	1.0485200881958008	-0.2647871971130371	0.8899955749511719	-2.7506494522094727	-2.061260223388672	-3.024266242980957	-3.6744699478149414	-4.465347766876221	-0.8452033996582031	-2.0092248916625977	-0.7056617736816406	-0.7582893371582031	-0.5022983551025391	-0.13797950744628906	-0.20954418182373047		0.04996681213378906	-0.0039825439453125	-0.3952512741088867	-3.1999999191612005E-4	-1.1010637283325195	-0.8288087844848633	-0.8278989791870117	-0.9242124557495117	-0.7101860046386719	-0.1857290267944336	-1.4358491897583008	-1.859156608581543
FGSG_01504	-0.7859545		-5.362133026123047	-3.5788893699645996	-1.9928855895996094	-0.5480899810791016	-1.1378593444824219	-0.09818267822265625	-0.16826629638671875	0.7662363052368164	0.34215736389160156	0.36725711822509766	1.385793685913086	0.16861343383789062	1.4167308807373047	0.664154052734375	0.4692573547363281	1.1857414245605469	2.0604591369628906	1.856156349182129	1.1363725662231445	0.7208366394042969	2.288930892944336	2.17647647857666	0.7587203979492188	0.15085792541503906	0.07197284698486328	1.6440629959106445	0.5821599960327148	1.2573394775390625	-2.757206439971924	-2.1441240310668945	-2.2698917388916016	-3.5460147857666016	-3.594599723815918	-0.7911195755004883	-2.0941343307495117	-0.9286060333251953	-0.9430217742919922	-0.5321674346923828	-0.17080211639404297	-0.22226619720458984		0.0523223876953125	-0.08236980438232422	-0.48508644104003906	-0.31929779052734375	-1.1327829360961914	-0.5997896194458008	-1.0286808013916016	-1.2104692459106445	-0.6985063552856445	-0.4177064895629883	-1.1097602844238281	-1.6759757995605469
FGSG_01509	-1.3167086		-2.9025635719299316	-2.2658438682556152	-0.9015374183654785	0.12312602996826172	0.1958303451538086	0.4454355239868164	0.8277931213378906	0.9437046051025391	1.4919099807739258	1.4189624786376953	2.012476921081543	0.24520301818847656	1.554356575012207	2.2756690979003906	1.4205522537231445	2.310845375061035	2.5618438720703125	2.276400566101074	1.2393178939819336	2.2252073287963867	2.1797003746032715	1.7638373374938965	1.2482824325561523	-1.3477296829223633	-0.052730560302734375	0.8794093132019043	-0.5165300369262695	-0.02574014663696289	-2.9850001335144043	-2.5632877349853516	-2.7461071014404297	-2.1050615310668945	-2.4383344650268555	0.14382362365722656	-2.6017560958862305	-1.462376594543457	-1.3320589065551758	-0.3417949676513672	-0.19505882263183594	-0.5224990844726562		0.02805042266845703	-0.015152931213378906	-0.6784496307373047	-0.32715320587158203	-1.5386676788330078	-1.4087743759155273	-1.1078777313232422	-2.021944046020508	-1.5203514099121094	-0.8051176071166992	-2.658339500427246	-1.9317626953125
FGSG_01516	-1.3042927		-5.298707008361816	-2.6222033500671387	-0.6326999664306641	0.6728668212890625	0.2796897888183594	1.0234298706054688	1.1518135070800781	0.3368501663208008	1.9581794738769531	1.907820701599121	2.748326301574707	0.9090070724487305	2.400559425354004	2.607579231262207	2.1359825134277344	2.1462507247924805	1.7849359512329102	1.5836191177368164	1.4642095565795898	2.6089601516723633	2.535869598388672	2.3078298568725586	1.6906099319458008	-0.8545303344726562	-0.022920608520507812	0.9137516021728516	-0.33855485916137695	0.2879772186279297	-3.1115622520446777	-3.0878419876098633	-3.344900131225586	-3.8307533264160156	-4.727293491363525	-0.4021444320678711	-1.9494733810424805	-1.4020576477050781	-1.1921062469482422	-0.6295070648193359	-0.23576068878173828	-0.12123680114746094		0.026017189025878906	0.01122283935546875	-0.4274406433105469	-0.11849308013916016	-1.563889503479004	-0.8232479095458984	-0.9687108993530273	-1.3060235977172852	-1.0758466720581055	-0.5323381423950195	-2.212996482849121	-1.919027328491211
FGSG_01871	-1.0843544		-2.823559284210205	-2.1106600761413574	-0.8496665954589844	0.24408340454101562	0.32460689544677734	0.5828733444213867	0.8848896026611328	0.9062328338623047	1.5721769332885742	1.3523530960083008	2.0184669494628906	0.3643064498901367	1.7779874801635742	2.106822967529297	1.3204030990600586	2.120356559753418	2.3679962158203125	2.180624008178711	1.0974502563476562	1.9273672103881836	1.652989387512207	2.028286933898926	1.4848756790161133	-0.8175468444824219	0.04766368865966797	0.727813720703125	-0.9253339767456055	0.22017765045166016	-3.090294361114502	-2.665473461151123	-2.771944046020508	-2.507493019104004	-2.772409439086914	-0.45517921447753906	-2.305206298828125	-1.375345230102539	-1.1719818115234375	-0.4041166305541992	-0.18899059295654297	-0.3603630065917969		0.031118392944335938	-0.013852119445800781	-0.7289304733276367	-0.2264242172241211	-1.2878341674804688	-1.167393684387207	-1.1499261856079102	-1.6374702453613281	-1.2657709121704102	-0.4602832794189453	-2.0803165435791016	-2.4387168884277344
FGSG_01956	-0.13944626		-4.347419738769531	-2.522900104522705	-0.5671567916870117	0.6212196350097656	0.33844661712646484	0.8620462417602539	1.3505229949951172	0.33031749725341797	2.199740409851074	2.0959768295288086	2.498833656311035	1.391047477722168	2.6146392822265625	2.5597105026245117	2.161046028137207	2.136031150817871	1.7029905319213867	1.4681396484375	1.6210298538208008	2.475979804992676	1.149416446685791	1.4159493446350098	1.6403093338012695	0.21324634552001953	0.13912105560302734	0.5750813484191895	0.1476597785949707	0.8422751426696777	-1.5444307327270508	-1.4505386352539062	-1.543508529663086	-3.47922420501709	-3.782032012939453	0.4031400680541992	-1.8059711456298828	-0.23274707794189453	-0.4740753173828125	0.05017566680908203	-0.13458919525146484	-0.014306068420410156		-0.02727222442626953	0.07647037506103516	-0.2826423645019531	-0.016237258911132812	-0.6837730407714844	-0.7957277297973633	-0.9260520935058594	-1.0170106887817383	-0.6697044372558594	-0.2959308624267578	-1.2076940536499023	-1.673222541809082
FGSG_02099	-0.43369865		-4.6463470458984375	-2.9032769203186035	-1.1731266975402832	0.26447391510009766	-0.031805992126464844	0.5587329864501953	0.6986103057861328	0.6698637008666992	1.2647333145141602	1.301753044128418	1.8718843460083008	-0.15649986267089844	1.1703004837036133	2.6996097564697266	1.3186836242675781	2.303013801574707	2.11637020111084	1.8919267654418945	1.4025382995605469	2.5144128799438477	2.004863739013672	2.597498893737793	1.629359245300293	-1.544356346130371	-0.08527088165283203	1.867945671081543	-0.29244327545166016	0.8280677795410156	-2.5818614959716797	-1.8712568283081055	-2.553126811981201	-3.394591808319092	-3.798532485961914	-0.6629676818847656	-2.434480667114258	-0.3461923599243164	-0.5720720291137695	-0.1335153579711914	-0.1993732452392578	-0.2915372848510742		-6.399999838322401E-4	0.045909881591796875	-0.36345958709716797	-0.4490699768066406	-0.9681663513183594	-1.2920455932617188	-1.1753673553466797	-2.0722427368164062	-1.992680549621582	-0.7438125610351562	-2.647899627685547	-2.336726188659668
FGSG_02493	-1.1613827		-2.63649320602417	-1.821263313293457	-0.3165769577026367	0.8811001777648926	0.5831637382507324	1.4024863243103027	1.810920238494873	0.6080894470214844	1.9904627799987793	2.323133945465088	2.9586071968078613	1.7026963233947754	2.893843173980713	2.6840834617614746	2.4378199577331543	1.8290934562683105	2.801067352294922	2.318309783935547	1.303025245666504	2.772660732269287	1.854750633239746	2.0652036666870117	1.343336582183838	-0.7339963912963867	0.14745426177978516	1.0700864791870117	0.2593564987182617	1.2002620697021484	-3.3226141929626465	-2.777157783508301	-3.0203871726989746	-3.098978042602539	-3.6289477348327637	-0.7691230773925781	-2.5445032119750977	-1.4025897979736328	-1.4511489868164062	-0.5394630432128906	-0.14667034149169922	-0.10617923736572266		0.05080699920654297	0.027756690979003906	-0.5905570983886719	-0.2686796188354492	-1.680624008178711	-1.6613435745239258	-1.294036865234375	-1.7187376022338867	-1.3235177993774414	-0.7191972732543945	-2.137430191040039	-2.383739471435547
FGSG_02503	-1.1992807		-2.7288708686828613	-2.50827693939209	-1.3452234268188477	-0.39611053466796875	-0.6465568542480469	0.052886962890625	0.2812461853027344	0.25408267974853516	0.3055229187011719	0.5556097030639648	1.1492691040039062	-0.8993334770202637	0.4361095428466797	1.1782665252685547	0.8208904266357422	0.9983730316162109	2.3990259170532227	2.049668312072754	1.3388357162475586	1.264216423034668	2.9918527603149414	2.194459915161133	0.6991462707519531	-0.7615776062011719	-0.040572166442871094	1.41961669921875	0.5529427528381348	0.868504524230957	-2.6078591346740723	-2.177079677581787	-2.807758331298828	-2.2003049850463867	-2.11002254486084	-0.652491569519043	-2.2209596633911133	-1.2388010025024414	-1.5054960250854492	-0.4870882034301758	-0.22429656982421875	-0.4134492874145508		-0.08769989013671875	-0.0019063949584960938	-0.766453742980957	-0.24636363983154297	-1.428257942199707	-0.9345741271972656	-1.4378557205200195	-2.226780891418457	-1.5543737411499023	-1.0966768264770508	-2.1548004150390625	-2.353303909301758
FGSG_02541	-0.32777786		-2.671199321746826	-2.13167667388916	-0.6703891754150391	0.5690174102783203	-0.6271228790283203	0.7507505416870117	0.9837675094604492	0.6186561584472656	0.8505401611328125	0.8882513046264648	2.062976837158203	0.9274702072143555	1.7158966064453125	1.862940788269043	1.2648000717163086	1.5216941833496094	2.113595962524414	1.9945764541625977	1.4449958801269531	1.7088003158569336	1.038320541381836	2.3620405197143555	1.1076536178588867	-0.3074512481689453	0.18454551696777344	1.0548171997070312	-0.6104278564453125	0.5087852478027344	-2.112159252166748	-2.2735400199890137	-1.5322918891906738	-2.6886701583862305	-3.0715503692626953	-0.7544898986816406	-2.008922576904297	-0.5765399932861328	-0.49581241607666016	0.3078422546386719	-0.11074256896972656	-0.2458333969116211		-0.0107269287109375	0.1219167709350586	-0.49060535430908203	-0.3652763366699219	-0.8648614883422852	-0.9371356964111328	-1.0452651977539062	-1.5060758590698242	-1.098282814025879	-0.5820016860961914	-1.6165151596069336	-1.9859533309936523
FGSG_02542	-0.71036625		-6.25980281829834	-3.8372464179992676	-1.8722257614135742	-0.5719757080078125	-0.9886131286621094	-0.3437957763671875	-0.046298980712890625	0.3780097961425781	0.5497941970825195	0.42606353759765625	1.1249866485595703	-0.8912229537963867	0.44919681549072266	1.4621295928955078	0.41289329528808594	0.7748270034790039	1.6452703475952148	1.4715757369995117	1.4584426879882812	1.1657066345214844	0.9871716499328613	1.090919017791748	0.6696434020996094	-0.6748895645141602	0.11770820617675781	0.35495710372924805	-0.4675168991088867	0.7601609230041504	-2.5736703872680664	-2.021524429321289	-2.380655288696289	-4.056643486022949	-4.839723587036133	-0.27155399322509766	-1.7450551986694336	-0.8388795852661133	-1.0569896697998047	-0.2521553039550781	-0.1303396224975586	-0.1972827911376953		0.04907035827636719	0.002407073974609375	-0.30304718017578125	-0.09819984436035156	-1.1673803329467773	-0.8015956878662109	-1.0361518859863281	-1.601984977722168	-1.4373903274536133	-0.6897115707397461	-1.5207242965698242	-1.9120864868164062
FGSG_02543	-0.89332676		-6.25980281829834	-3.8372464179992676	-1.8722257614135742	-0.5719757080078125	-0.9886131286621094	-0.3437957763671875	-0.046298980712890625	0.3780097961425781	0.5497941970825195	0.42606353759765625	1.1249866485595703	-0.8912229537963867	0.44919681549072266	1.4621295928955078	0.41289329528808594	0.7748270034790039	1.6452703475952148	1.4715757369995117	1.4584426879882812	1.1657066345214844	0.9871716499328613	1.090919017791748	0.6696434020996094	-0.6748895645141602	0.11770820617675781	0.35495710372924805	-0.4675168991088867	0.7601609230041504	-1.3627405166625977	-1.3558297157287598	-0.19001388549804688	-4.056643486022949	-4.839723587036133	-0.27155399322509766	-1.7450551986694336	-1.2308025360107422	-0.5640716552734375	-1.447847843170166	-0.1303396224975586	-0.1972827911376953		0.04907035827636719	0.002407073974609375	-0.30304718017578125	-0.09819984436035156	0.2051529884338379	-0.8015956878662109	-1.0361518859863281	-1.601984977722168	-1.4373903274536133	-0.6897115707397461	-1.5207242965698242	-1.9120864868164062
FGSG_02588	-1.2782421		-2.1992831230163574	-1.5235562324523926	-0.11715316772460938	1.1575603485107422	1.4170236587524414	1.4660768508911133	1.639939308166504	1.237156867980957	2.6270036697387695	2.641376495361328	3.00020694732666	1.6771440505981445	3.1862144470214844	2.9028539657592773	2.6683731079101562	2.541240692138672	2.770453453063965	2.5844545364379883	1.3898429870605469	2.83298397064209	2.6486873626708984	3.278963088989258	1.8129634857177734	-0.8508729934692383	0.1517171859741211	1.653676986694336	0.5135602951049805	1.1107072830200195	-4.054843902587891	-3.5647683143615723	-3.8024959564208984	-2.3023319244384766	-2.5887537002563477	-0.3135251998901367	-2.081833839416504	-1.6556472778320312	-1.6347599029541016	-0.6146154403686523	-0.12636375427246094	-0.2635326385498047		0.006430625915527344	-0.044119834899902344	-0.7253570556640625	-0.17812347412109375	-2.065728187561035	-1.1902656555175781	-1.1344623565673828	-1.506026268005371	-0.9811325073242188	-0.3196392059326172	-2.218860626220703	-2.433443069458008
FGSG_04136	-0.52558136		-3.6298937797546387	-2.7356104850769043	-1.2923469543457031	-0.16718101501464844	-0.41373729705810547	0.1972799301147461	0.6523590087890625	0.569127082824707	0.9840459823608398	0.8552532196044922	1.6877269744873047	0.46353912353515625	1.494485855102539	1.7264432907104492	0.9385261535644531	1.524653434753418	1.9235668182373047	1.774566650390625	1.206028938293457	1.5621395111083984	1.877777099609375	1.8077735900878906	1.047952651977539	-0.20891094207763672	0.17122459411621094	0.7424964904785156	-0.7571859359741211	0.6601858139038086	-2.5826730728149414	-2.046004295349121	-2.2751827239990234	-2.4696474075317383	-2.884969711303711	-0.6342906951904297	-1.742753028869629	-0.6610164642333984	-0.7322425842285156	-0.0965576171875	-0.15729236602783203	-0.1707620620727539		0.040660858154296875	-0.034366607666015625	-0.5313758850097656	-0.20739364624023438	-0.9747028350830078	-0.9470939636230469	-0.7319936752319336	-1.2169904708862305	-0.9235935211181641	-0.40717029571533203	-1.2733659744262695	-1.6989984512329102
FGSG_04137	-0.66587925		-5.559470176696777	-2.9855828285217285	-0.9604301452636719	0.23705005645751953	-0.2942934036254883	0.5669136047363281	1.0593700408935547	0.37055492401123047	1.528853416442871	1.5241432189941406	2.1620187759399414	0.9520406723022461	2.450176239013672	2.315150260925293	1.6875944137573242	1.785797119140625	1.7385940551757812	1.5801277160644531	1.4065666198730469	2.0309295654296875	2.3883132934570312	2.1043434143066406	1.4780473709106445	-0.3573627471923828	0.17171573638916016	1.5448250770568848	0.6113266944885254	1.4788475036621094	-3.0195441246032715	-2.307372570037842	-2.523007392883301	-3.742260456085205	-5.156397819519043	-0.5790205001831055	-1.607466697692871	-0.7912206649780273	-0.9654912948608398	0.07033157348632812	-0.10905075073242188	0.07808971405029297		0.03649616241455078	0.043517112731933594	-0.2721691131591797	-0.1926422119140625	-1.2902593612670898	-0.6078643798828125	-0.7940225601196289	-1.0505037307739258	-0.6879758834838867	-0.004237174987792969	-1.5507440567016602	-2.0127429962158203
FGSG_04149	-0.9805784		-4.4455389976501465	-2.919856071472168	-1.0993289947509766	-0.11480903625488281	-0.241302490234375	0.1394672393798828	0.5152444839477539	0.5818042755126953	1.2376537322998047	1.3753776550292969	1.8829364776611328	0.6793441772460938	1.805624008178711	1.7800731658935547	1.476120948791504	1.4406938552856445	1.9430570602416992	1.636087417602539	1.535252571105957	1.7803173065185547	1.1017684936523438	0.8039603233337402	0.9679241180419922	-0.1969461441040039	0.19807720184326172	0.6701350212097168	0.16600465774536133	0.16291236877441406	-2.935387134552002	-2.2977519035339355	-2.5539512634277344	-3.049380302429199	-3.5504703521728516	-0.738429069519043	-1.6065425872802734	-1.1787242889404297	-1.1155920028686523	-0.4790363311767578	-0.10030364990234375	-0.011827468872070312		0.0496673583984375	0.0065641398541629314	-0.2668743133544922	-0.1510457992553711	-1.315272331237793	-0.7537975311279297	-0.8612527847290039	-1.0524482727050781	-0.9222440719604492	-0.3476848602294922	-1.5984086990356445	-1.7594566345214844
FGSG_04476	-0.53635406		-3.866790294647217	-2.956726551055908	-1.2611808776855469	0.11873626708984375	-0.5875701904296875	0.50018310546875	0.746612548828125	0.44484996795654297	1.174992561340332	1.5231523513793945	1.7025833129882812	0.21286678314208984	1.6775894165039062	1.8750762939453125	1.5240564346313477	1.7369194030761719	1.9510726928710938	1.5713138580322266	1.301112174987793	1.9189834594726562	1.9459466934204102	1.257049560546875	1.1596097946166992	-0.5064945220947266	0.124755859375	0.7267303466796875	-0.49166345596313477	-1.0898866653442383	-2.26519775390625	-2.0423545837402344	-2.6654720306396484	-2.708146095275879	-3.2979536056518555	-0.6333446502685547	-1.8655900955200195	-0.6139450073242188	-0.6543722152709961	-0.41638755798339844	-0.11165332794189453	-0.17175579071044922		0.07767963409423828	0.00432395888492465	-0.5370702743530273	-0.19376087188720703	-1.0494041442871094	-0.787449836730957	-0.36173534393310547	-0.7926340103149414	-0.6112937927246094	-0.20673656463623047	-1.7068710327148438	-1.4963493347167969
FGSG_04915	-0.9935074		-6.8571038246154785	-4.740950107574463	-2.77657413482666	-1.487131118774414	-1.8442869186401367	-1.2061128616333008	-0.7185459136962891	0.7440176010131836	-0.27593994140625	-0.0030937199480831623	0.8001432418823242	-0.29325294494628906	0.89892578125	0.1019134521484375	0.109405517578125	0.9731464385986328	1.0591163635253906	1.0241966247558594	1.023676872253418	0.3533964157104492	2.110304832458496	1.9050512313842773	0.41945934295654297	0.5594205856323242	0.1716470718383789	1.5044822692871094	1.0901737213134766	1.5362539291381836	-2.7206215858459473	-2.1522316932678223	-2.136047840118408	-3.5590410232543945	-4.473102569580078	-0.7068271636962891	-1.3365135192871094	-1.1263427734375	-0.8944454193115234	-1.0691471099853516	-0.2512693405151367	-0.08674049377441406		0.007830619812011719	-0.04143333435058594	-0.25801753997802734	-0.13124370574951172	-0.9841032028198242	-0.3002023696899414	-0.5085515975952148	-0.6813516616821289	-0.4123420715332031	-0.2006053924560547	-0.48287487030029297	-0.8955039978027344
FGSG_05378	-1.1658745		-6.044142723083496	-4.216999530792236	-2.4412827491760254	-0.9066562652587891	-0.8602581024169922	-0.6448097229003906	-0.49456214904785156	0.8065462112426758	0.5156040191650391	1.3181037902832031	2.05487060546875	0.6197662353515625	2.250697135925293	0.8740215301513672	1.1065101623535156	1.3531742095947266	2.381929397583008	2.091069221496582	0.8512248992919922	1.2020244598388672	3.2860751152038574	1.5667781829833984	0.9232511520385742	0.4409656524658203	0.35791015625	1.9615864753723145	1.1644201278686523	1.3292803764343262	-2.338728904724121	-1.8118982315063477	-2.765933036804199	-4.3846049308776855	-5.518932342529297	-1.2267179489135742	-2.3476829528808594	-1.2987117767333984	-1.1810131072998047	-1.2943944931030273	-0.2841367721557617	-0.07674694061279297		-0.0016098020132631063	-0.1542339324951172	-0.3904905319213867	-0.07416915893554688	-1.193979263305664	-0.3146066665649414	-0.5334434509277344	-0.8295993804931641	-0.3842658996582031	0.04355430603027344	-0.9787197113037109	-1.096120834350586
FGSG_05433	-0.48508835		-2.568063735961914	-1.8790435791015625	-0.6639804840087891	0.5324530601501465	0.6172499656677246	0.8945059776306152	1.3219122886657715	0.582859992980957	1.9887394905090332	2.1531262397766113	2.358466625213623	0.2635927200317383	1.8547701835632324	2.7584996223449707	1.842130184173584	2.266505718231201	2.4148693084716797	2.1621294021606445	1.4606542587280273	2.7198729515075684	2.0591001510620117	2.6575088500976562	1.396273136138916	-1.2631826400756836	-0.006358147133141756	1.1252632141113281	-0.31255006790161133	0.5988140106201172	-2.732818126678467	-2.200791358947754	-2.8576607704162598	-1.9618072509765625	-2.4937033653259277	0.26571178436279297	-2.341282844543457	-0.6440134048461914	-0.9989681243896484	-0.15388965606689453	-0.3105325698852539	-0.46112060546875		-0.014827728271484375	-0.07431316375732422	-0.733403205871582	-0.28833866119384766	-1.48529052734375	-1.3515262603759766	-1.114633560180664	-1.8767061233520508	-1.4590606689453125	-0.6590127944946289	-2.577699661254883	-2.4473276138305664
FGSG_05493	-1.0406895		-3.531874179840088	-2.9381203651428223	-1.7589306831359863	-0.5428295135498047	0.11499309539794922	0.1455221176147461	0.5656099319458008	0.7476768493652344	1.3108196258544922	1.55755615234375	1.830453872680664	0.22808265686035156	1.802825927734375	1.9403705596923828	1.6829595565795898	1.3710031509399414	2.238933563232422	2.110370635986328	1.3205223083496094	1.8600263595581055	2.6928796768188477	1.2980270385742188	1.375406265258789	-0.16437816619873047	0.2787456512451172	1.8828935623168945	0.8263263702392578	1.0990734100341797	-2.2648630142211914	-2.230675220489502	-2.2312116622924805	-2.296844482421875	-2.758500099182129	-0.2593660354614258	-2.2749929428100586	-1.095956802368164	-1.0392608642578125	-0.1565380096435547	-0.1435699462890625	0.0902242660522461		0.1089773178100586	-0.04864978790283203	-0.5373468399047852	-0.11027717590332031	-1.0219945907592773	-0.945277214050293	-0.9181175231933594	-1.1572942733764648	-0.8563508987426758	-0.526702880859375	-1.4242734909057617	-1.7685232162475586
FGSG_05605	-0.54042816		-4.635193347930908	-3.2078471183776855	-1.531534194946289	-0.25838375091552734	-0.3075094223022461	0.16381359100341797	0.7494401931762695	0.21788692474365234	1.336594581604004	1.7774724960327148	2.0900869369506836	1.1264734268188477	2.5012264251708984	1.8282136917114258	2.0386667251586914	1.8958463668823242	1.555063247680664	1.37359619140625	1.6385078430175781	1.8494577407836914	1.6996040344238281	1.339695930480957	1.0983104705810547	0.7698764801025391	0.30440521240234375	0.6189899444580078	-0.2736701965332031	0.6103601455688477	-2.893277168273926	-2.332859516143799	-1.6016197204589844	-2.8008270263671875	-3.3072938919067383	-0.2924327850341797	-1.6714200973510742	-0.8785004615783691	-0.8155632019042969	0.13651466369628906	-0.15253353118896484	-0.31583213806152344		0.051100730895996094	-0.04429435729980469	-0.535649299621582	-0.17264842987060547	-1.0638618469238281	-0.6132049560546875	-0.4948844909667969	-0.7635993957519531	-0.395721435546875	0.09801483154296875	-0.6615495681762695	-1.9542131423950195
FGSG_05614	-0.92552996		-3.862333059310913	-3.8252499103546143	-2.924259901046753	-1.719123363494873	-1.5195693969726562	-1.2993369102478027	-0.5004959106445312	0.3114004135131836	0.25217676162719727	0.5914969444274902	1.1032500267028809	-0.8115897178649902	0.9338569641113281	1.1275177001953125	0.19246339797973633	2.2921066284179688	3.118279457092285	2.117459297180176	2.0122299194335938	1.2644739151000977	1.5650444030761719	1.8455219268798828	0.7810101509094238	0.6818103790283203	0.09515666961669922	0.7686820030212402	-0.23034906387329102	1.3168144226074219	-1.5186152458190918	-1.3233113288879395	-2.0023317337036133	-3.895437717437744	-4.447737693786621	-2.24685001373291	-3.5521602630615234	-1.1642794609069824	-1.0768389701843262	-0.726992130279541	-0.5777168273925781	-0.2075366973876953		0.05786418914794922	-0.127349853515625	-0.7078495025634766	-0.3833961486816406	-1.1162981986999512	-0.5088787078857422	-0.639214038848877	-0.7376823425292969	-0.5259180068969727	-0.16959476470947266	-2.0494298934936523	-2.6936163902282715
FGSG_05916	-1.0345764		-3.473633289337158	-1.952606201171875	-0.3491497039794922	1.115767478942871	0.33787059783935547	1.5743532180786133	1.8486871719360352	-0.020194053649902344	2.067530632019043	3.049671173095703	3.685877799987793	2.408663749694824	4.011879920959473	2.6749696731567383	3.037059783935547	1.7641897201538086	2.012742042541504	1.4808053970336914	1.7135505676269531	2.7627439498901367	2.251283645629883	1.4362435340881348	1.2758369445800781	0.7771368026733398	0.4456930160522461	1.1925768852233887	1.0330700874328613	1.6355853080749512	-3.2949814796447754	-2.691845417022705	-2.894594192504883	-4.241700172424316	-4.969467639923096	-1.0918359756469727	-2.509359359741211	-1.3355164527893066	-1.6654043197631836	-0.9986038208007812	-0.19054317474365234	0.08599090576171875		0.009182929992675781	-0.033843994140625	-0.6219797134399414	-0.01203155517578125	-1.695779800415039	-0.6098604202270508	-0.818354606628418	-0.9762325286865234	-0.12065410614013672	0.10147380828857422	-1.0908794403076172	-1.622452735900879
FGSG_06020	-0.56533813		-5.770025730133057	-4.073825359344482	-2.1888179779052734	-1.053421974182129	-0.7412919998168945	-0.49236297607421875	0.14026451110839844	0.685093879699707	0.5196905136108398	0.8984336853027344	1.014739990234375	-0.2687492370605469	0.968104362487793	0.788630485534668	0.8192634582519531	0.9614582061767578	1.2637739181518555	1.1882667541503906	0.8563299179077148	0.8750371932983398	1.4317436218261719	2.0327463150024414	0.68218994140625	-0.0053768157958984375	0.3088102340698242	0.7008266448974609	-0.6661167144775391	0.7407770156860352	-2.7356457710266113	-2.1210484504699707	-2.5241031646728516	-3.972370147705078	-5.156182289123535	-0.6622333526611328	-1.2219161987304688	-0.7007980346679688	-1.0108356475830078	-0.3869009017944336	-0.08081436157226562	-0.03200244903564453		-0.012327194213867188	-0.007989883422851562	-0.21589279174804688	-0.20660877227783203	-1.2682056427001953	-0.6312837600708008	-0.9043502807617188	-0.9257955551147461	-0.6733942031860352	-0.4613332748413086	-0.7140064239501953	-1.3673820495605469
FGSG_06270	-0.8945637		-4.285960674285889	-3.117180347442627	-1.1935439109802246	0.0886526107788086	-0.7198400497436523	0.5657234191894531	0.832280158996582	0.8572912216186523	1.0682258605957031	1.3725566864013672	1.5320863723754883	-0.6799335479736328	1.1579999923706055	1.805379867553711	1.3695192337036133	1.6905603408813477	2.1079702377319336	1.8830842971801758	1.0179405212402344	1.8548898696899414	1.6153159141540527	1.2893595695495605	0.822265625	-0.9981555938720703	-0.010509490966796875	0.07049942016601562	-0.6109433174133301	-0.26540517807006836	-2.664796829223633	-1.8931865692138672	-2.4575767517089844	-3.555431842803955	-3.9112648963928223	-0.5190649032592773	-2.005852699279785	-0.9691991806030273	-1.135054588317871	-0.7640142440795898	-0.11651611328125	-0.19289779663085938		0.008227348327636719	0.013925552368164062	-0.5867366790771484	-0.26821041107177734	-1.3512001037597656	-1.1441755294799805	-0.9362621307373047	-1.5497007369995117	-1.3763914108276367	-0.5213079452514648	-1.8732585906982422	-1.8416900634765625
FGSG_06289	-0.8823767		-3.9495034217834473	-2.4467530250549316	-0.9900197982788086	0.053173065185546875	-0.6723403930664062	0.4288969039916992	0.8143062591552734	0.777043342590332	0.9433498382568359	0.7012567520141602	1.7524938583374023	-0.17020702362060547	0.9388370513916016	1.820662498474121	0.6808433532714844	1.4090538024902344	1.9913444519042969	1.8440208435058594	1.4237737655639648	1.5894432067871094	1.673379898071289	1.7523326873779297	1.1454534530639648	-1.2061567306518555	-0.06216239929199219	0.7538032531738281	-0.5685272216796875	1.4514150619506836	-3.1312928199768066	-2.4558753967285156	-2.31948184967041	-2.6825618743896484	-3.1013946533203125	-0.1734018325805664	-2.0142898559570312	-0.8964118957519531	-1.1507568359375	-0.0045614237897098064	-0.1786661148071289	-0.2591400146484375		0.014072418212890625	0.06832408905029297	-0.4118499755859375	-0.48250579833984375	-1.3745555877685547	-1.2177152633666992	-1.2228031158447266	-1.7900056838989258	-1.3738250732421875	-0.6066617965698242	-2.3397388458251953	-2.130814552307129
FGSG_06407	-0.18976307		-3.6100573539733887	-2.957923412322998	-1.6511707305908203	-0.5976428985595703	-1.0154132843017578	-0.3314180374145508	-0.017080307006835938	0.9614601135253906	0.4354696273803711	0.6854991912841797	1.0797996520996094	-0.37749290466308594	1.0052356719970703	1.0020055770874023	0.9994621276855469	1.5845298767089844	2.2775726318359375	2.008173942565918	1.2837791442871094	0.929595947265625	1.4644403457641602	2.255795478820801	0.7587461471557617	0.06770992279052734	0.012086868286132812	0.6669731140136719	-0.14632701873779297	0.33274173736572266	-2.2909927368164062	-1.7597060203552246	-1.8098320960998535	-2.5650949478149414	-2.7156248092651367	-0.8243932723999023	-1.4747333526611328	-0.571110725402832	-0.26356029510498047	-0.023284912109375	-0.14493465423583984	-0.06821918487548828		0.0551910400390625	0.0601348876953125	-0.22171688079833984	-0.19251632690429688	-0.8236541748046875	-0.6438407897949219	-0.7320165634155273	-1.146585464477539	-1.0947027206420898	-0.5596647262573242	-0.5696334838867188	-1.6117753982543945
FGSG_06587	-0.8364382		-2.4018564224243164	-1.5441970825195312	-0.32783985137939453	0.833000659942627	0.8319458961486816	1.150789737701416	1.4556593894958496	0.8831911087036133	1.6301360130310059	1.8974804878234863	2.7548232078552246	1.0289864540100098	2.234203815460205	2.434147357940674	1.7842373847961426	2.437532901763916	2.7235631942749023	2.638230323791504	1.4192829132080078	2.4225964546203613	2.8630194664001465	2.345202922821045	1.804323673248291	-1.7426366806030273	0.04376029968261719	1.7063326835632324	0.1629624366760254	1.417253017425537	-2.905864715576172	-2.2438931465148926	-2.7819013595581055	-1.8482170104980469	-2.03497314453125	-0.3534097671508789	-2.2538833618164062	-1.007535457611084	-1.1034412384033203	-0.15850257873535156	-0.17284393310546875	-0.3116769790649414		-0.03209686279296875	-0.020911216735839844	-0.6210565567016602	-0.38274669647216797	-1.5344982147216797	-1.3598051071166992	-1.3021793365478516	-2.195399284362793	-1.4706697463989258	-0.73419189453125	-3.165132522583008	-2.1308422088623047
FGSG_06757	-0.4376526		-3.956033229827881	-2.523439884185791	-1.0711126327514648	-0.013996124267578125	0.37512969970703125	0.5472803115844727	1.0002708435058594	0.7241144180297852	1.752690315246582	2.0260066986083984	2.844846725463867	1.3746271133422852	3.0764665603637695	2.209218978881836	2.0318164825439453	1.9055500030517578	2.6042137145996094	2.267270088195801	1.496490478515625	2.151230812072754	2.3667917251586914	2.0926856994628906	1.2164506912231445	0.14330291748046875	0.24635887145996094	1.623495101928711	0.5429897308349609	2.1687211990356445	-3.1868739128112793	-2.223562240600586	-2.8968515396118164	-3.154205322265625	-3.4183425903320312	-0.8705015182495117	-2.448298454284668	-0.7106103897094727	-0.8194189071655273	-0.09848213195800781	-0.14947032928466797	0.11223697662353516		-0.0018424990121275187	-0.02790069580078125	-0.429443359375	-0.15238571166992188	-1.3271503448486328	-0.9131317138671875	-1.0863780975341797	-1.416041374206543	-0.7392482757568359	-0.02442169189453125	-1.4329547882080078	-1.9126567840576172
FGSG_06827	-0.5437565		-2.783299446105957	-1.9210596084594727	-0.7918763160705566	0.368560791015625	0.41242027282714844	0.7254600524902344	1.3797569274902344	0.5207929611206055	1.4491462707519531	1.3339767456054688	1.694406509399414	0.14927387237548828	1.026850700378418	2.4337005615234375	1.2319469451904297	1.6274642944335938	2.451573371887207	2.323470115661621	1.655426025390625	2.287954330444336	1.6382694244384766	1.907170295715332	0.9290637969970703	-0.9696235656738281	-0.07553768157958984	1.0059757232666016	-0.06546974182128906	0.6904315948486328	-2.8804678916931152	-2.0360240936279297	-2.52862548828125	-1.61553955078125	-2.1845016479492188	0.1337718963623047	-2.415882110595703	-0.5411100387573242	-0.8845615386962891	0.03472137451171875	-0.18358993530273438	-0.27414512634277344		-0.0674295425415039	-0.018833160400390625	-0.6705684661865234	-0.2904033660888672	-1.006333351135254	-1.3260078430175781	-1.121194839477539	-2.014141082763672	-1.7222528457641602	-0.6588010787963867	-2.5115861892700195	-2.475316047668457
FGSG_06921	-0.7039423		-0.5849132537841797	-0.6607637405395508	-0.2710132598876953	0.25186634063720703	1.6979970932006836	0.3901662826538086	0.9728069305419922	0.7499485015869141	1.988142967224121	1.5034475326538086	2.40032958984375	1.9414901733398438	2.362898826599121	2.0759925842285156	1.718916893005371	2.010744094848633	2.0823278427124023	1.8137702941894531	1.3635406494140625	1.9646759033203125	2.309384822845459	1.6822333335876465	1.0804328918457031	-0.4405984878540039	0.057567596435546875	1.8530783653259277	1.7850890159606934	0.4099888801574707	-2.577582359313965	-2.129134178161621	-3.2127199172973633	-0.8463773727416992	-1.0900373458862305	0.09725666046142578	-0.9896831512451172	-0.8104972839355469	-0.8447103500366211	-0.5752716064453125	-0.08084487915039062	0.009396553039550781		0.01903057098388672	0.04495811462402344	-0.30321598052978516	-0.17371368408203125	-1.3602094650268555	-0.9914169311523438	-1.0966310501098633	-1.3715505599975586	-0.9436216354370117	-0.3589944839477539	-1.8129863739013672	-1.4082708358764648
FGSG_06924	-0.6219444		-4.529319763183594	-2.9227395057678223	-1.1914558410644531	-0.1360483169555664	-0.7298288345336914	0.21686077117919922	0.6982173919677734	0.27060699462890625	1.0964164733886719	1.541823387145996	2.541144371032715	0.7941865921020508	2.48720645904541	1.8644838333129883	1.5585241317749023	1.9838075637817383	2.0145702362060547	1.767439842224121	1.9046630859375	1.7799835205078125	2.092545509338379	1.9848384857177734	1.3349533081054688	0.253509521484375	0.06247901916503906	1.461883544921875	0.37904930114746094	1.8213043212890625	-1.6087579727172852	-1.7874460220336914	-1.837852954864502	-3.986067771911621	-4.945390224456787	-0.8493900299072266	-2.0023937225341797	-0.7651300430297852	-0.8308115005493164	-0.3775310516357422	-0.12399673461914062	0.06149482727050781		-0.0034036641009151936	0.006735802162438631	-0.28542137145996094	-0.16222000122070312	-0.600642204284668	-0.6903705596923828	-0.6819267272949219	-1.2880373001098633	-1.1358604431152344	-0.34967994689941406	-1.4421730041503906	-1.5337190628051758
FGSG_06931	-0.7682543		-4.914493560791016	-2.7191405296325684	-0.9302072525024414	0.3305168151855469	0.7936058044433594	0.8607187271118164	1.207956314086914	0.6669101715087891	2.359982490539551	2.072953224182129	2.222841262817383	1.1444358825683594	2.113186836242676	2.4168319702148438	1.9760828018188477	2.0667724609375	2.0347862243652344	1.8943672180175781	1.5536766052246094	2.5595703125	2.729702949523926	2.845966339111328	1.645472526550293	-0.28047657012939453	0.1835918426513672	1.5132341384887695	-0.14028167724609375	1.3002777099609375	-2.9232778549194336	-2.180591583251953	-2.7184958457946777	-3.107407569885254	-3.5866799354553223	-0.058371543884277344	-1.8678627014160156	-0.7779102325439453	-1.048354148864746	-0.07846736907958984	-0.1567392349243164	-0.2810201644897461		0.017221450805664062	-0.011136054992675781	-0.5295009613037109	-0.22400283813476562	-1.2749433517456055	-0.9010486602783203	-0.9957695007324219	-1.3969621658325195	-1.045633316040039	-0.680088996887207	-1.689467430114746	-1.891031265258789
FGSG_07048	-0.76045513		-6.235160827636719	-3.985403537750244	-1.659693717956543	-0.18849468231201172	-0.9270143508911133	0.07352256774902344	0.45589637756347656	0.6390800476074219	0.6194391250610352	0.7327299118041992	1.5027999877929688	-0.1999368667602539	1.1198396682739258	1.4628028869628906	0.8207998275756836	1.4914064407348633	1.564920425415039	1.4937400817871094	1.223433494567871	1.4938955307006836	1.639944076538086	1.7290325164794922	0.8572568893432617	-0.4996623992919922	0.09311962127685547	0.6282463073730469	-0.8548793792724609	0.7225723266601562	-2.5615005493164062	-1.9952335357666016	-2.362226963043213	-5.3343000411987305	-6.562230110168457	-1.1525983810424805	-2.329071044921875	-0.9483981132507324	-0.9830055236816406	-0.12285518646240234	-0.12910175323486328	-0.3154335021972656		-0.023009300231933594	0.09015083312988281	-0.5588035583496094	-0.2980499267578125	-1.2061758041381836	-0.968379020690918	-0.8521671295166016	-1.3989992141723633	-1.0438060760498047	-0.3688821792602539	-1.6629810333251953	-1.7896032333374023
FGSG_07186	-1.330061		-3.4145798683166504	-2.6850461959838867	-1.6475462913513184	-0.5467395782470703	0.07178401947021484	-0.22896957397460938	0.08207321166992188	0.9015798568725586	1.0076065063476562	0.7679271697998047	1.289886474609375	-0.6182937622070312	0.2636070251464844	1.679347038269043	0.17699432373046875	1.3529767990112305	2.2282257080078125	2.081819534301758	1.2248945236206055	1.4411430358886719	0.9523801803588867	2.089789390563965	0.4971466064453125	-1.836893081665039	-0.024188995361328125	0.5446004867553711	-1.306626319885254	0.43681812286376953	-3.6093201637268066	-2.844752788543701	-2.5618038177490234	-2.5411977767944336	-2.7302255630493164	-0.43024253845214844	-2.4853134155273438	-1.4343595504760742	-1.7165937423706055	-0.3077545166015625	-0.179229736328125	-0.2829408645629883		-0.28960609436035156	-0.11150741577148438	-0.6061458587646484	-0.4711160659790039	-1.5890169143676758	-1.207291603088379	-1.0683526992797852	-1.8059749603271484	-1.5322561264038086	-0.5981006622314453	-2.556520462036133	-2.3081703186035156
FGSG_07291	-0.972291		-4.569540023803711	-2.718416690826416	-1.255112648010254	0.09029006958007812	-0.6433801651000977	0.19294071197509766	0.1692829132080078	0.01910686492919922	0.9182071685791016	1.5619134902954102	2.298516273498535	0.5389070510864258	2.4088134765625	1.4716339111328125	1.6160926818847656	1.2583637237548828	2.091803550720215	1.8311338424682617	1.632843017578125	1.6311731338500977	1.9418830871582031	1.666123390197754	1.0915460586547852	0.4065103530883789	0.06873607635498047	0.9752130508422852	-0.0679006576538086	0.49782657623291016	-2.734574794769287	-1.8862171173095703	-2.412057876586914	-2.987057685852051	-3.6611642837524414	-0.5224094390869141	-1.9991035461425781	-1.1960783004760742	-1.2198266983032227	-0.3010568618774414	-0.11496734619140625	-0.13213253021240234		0.0255889892578125	-0.02825164794921875	-0.49399280548095703	-0.11373710632324219	-1.3652887344360352	-0.5442132949829102	-1.0192575454711914	-1.0905170440673828	-0.7697896957397461	-0.09316349029541016	-1.1406364440917969	-1.9676122665405273
FGSG_07292	-0.7284689		-3.682619571685791	-2.1073060035705566	-0.7804269790649414	0.6461334228515625	0.4392538070678711	1.2671966552734375	1.1869840621948242	0.6305265426635742	1.8554162979125977	2.427989959716797	2.5066423416137695	1.2159204483032227	2.997563362121582	2.4008331298828125	2.562167167663574	1.6724138259887695	2.178500175476074	2.127333641052246	1.8501291275024414	2.376420021057129	1.520808219909668	2.012136459350586	1.4461898803710938	0.5686798095703125	0.15198707580566406	0.7599563598632812	-0.6232008934020996	1.0641841888427734	-3.161241054534912	-2.2472262382507324	-2.4641923904418945	-2.4675073623657227	-3.0687475204467773	-0.09305667877197266	-1.5926275253295898	-1.0568742752075195	-1.2410221099853516	-0.16516780853271484	-0.09584426879882812	-0.08310699462890625		0.09109783172607422	-0.04934978485107422	-0.4367351531982422	-0.1430807113647461	-1.353255271911621	-0.7047595977783203	-0.8439340591430664	-0.8716773986816406	-0.7073431015014648	-0.035846710205078125	-0.9102973937988281	-2.361967086791992
FGSG_07480	-0.7193327		-5.188873291015625	-3.021470546722412	-1.0328435897827148	0.15092945098876953	0.1164560317993164	0.7020998001098633	0.9830360412597656	0.7496433258056641	1.730210304260254	2.273543357849121	2.7772397994995117	1.252685546875	2.64996337890625	2.225396156311035	2.159539222717285	1.8709564208984375	1.849562644958496	1.7339611053466797	1.316305160522461	2.418463706970215	2.2407732009887695	2.1420459747314453	1.452836036682129	-0.32187652587890625	0.2424917221069336	1.4284601211547852	0.7414827346801758	1.6780319213867188	-2.7212600708007812	-2.13177490234375	-2.6816205978393555	-4.087681770324707	-4.629656791687012	-0.5902366638183594	-2.0648250579833984	-0.894953727722168	-1.0508298873901367	-0.07555294036865234	-0.23244380950927734	-0.16639995574951172		0.03469371795654297	-0.053539276123046875	-0.48042869567871094	-0.18618011474609375	-1.1427631378173828	-0.760096549987793	-0.8078374862670898	-1.028315544128418	-0.8071231842041016	-0.28559017181396484	-1.569087028503418	-1.67950439453125
FGSG_07856	-0.6592307		-2.3753228187561035	-1.73038911819458	-0.43317317962646484	0.6146469116210938	0.6512937545776367	0.9919509887695312	1.160130500793457	0.6317815780639648	1.72491455078125	1.791717529296875	2.3777151107788086	0.633427619934082	1.9286870956420898	2.2959442138671875	1.8104705810546875	2.1589536666870117	2.3973875045776367	2.16949462890625	1.4444961547851562	2.290668487548828	2.5452628135681152	1.6958270072937012	1.6246509552001953	-1.0405054092407227	0.09745216369628906	0.622683048248291	0.0492401123046875	0.5252480506896973	-3.5591864585876465	-2.9330811500549316	-3.5031204223632812	-2.309438705444336	-2.2302589416503906	-0.5986166000366211	-1.5862140655517578	-1.0848708152770996	-1.076064109802246	-0.2766380310058594	-0.09708976745605469	-0.2662668228149414		0.059653282165527344	0.025390625	-0.5864601135253906	-0.2189168930053711	-1.4375362396240234	-1.0281867980957031	-1.1714134216308594	-1.634739875793457	-1.2140684127807617	-0.7220230102539062	-2.278937339782715	-2.2177629470825195
FGSG_08335	-0.9866133		-2.9930806159973145	-2.0116968154907227	-0.6162471771240234	0.4028129577636719	0.18353271484375	0.7035293579101562	0.8396492004394531	0.8374671936035156	1.5226669311523438	1.3400897979736328	1.9672069549560547	0.03730010986328125	1.2744159698486328	2.1454410552978516	1.3443927764892578	2.0948524475097656	2.3562746047973633	2.1383180618286133	1.2973394393920898	2.0485191345214844	2.0361123085021973	2.197594165802002	1.185110092163086	-1.503666877746582	0.20864200592041016	1.0899758338928223	-0.4231834411621094	0.3193964958190918	-3.148582935333252	-2.4680166244506836	-2.7763915061950684	-3.0360422134399414	-3.3455848693847656	-0.7657842636108398	-2.2904529571533203	-0.9978628158569336	-1.125971794128418	-0.3202342987060547	-0.11330509185791016	-0.5424861907958984		0.040599822998046875	0.0718679428100586	-0.5478401184082031	-0.26042652130126953	-1.3445329666137695	-1.3935251235961914	-1.2291460037231445	-2.0828075408935547	-1.4918317794799805	-0.7239818572998047	-2.7006397247314453	-2.296196937561035
FGSG_08478	-0.94013166		-3.0081963539123535	-2.0137996673583984	-0.7078099250793457	0.5848774909973145	0.8529801368713379	1.1581244468688965	1.294766902923584	0.6739606857299805	2.0739197731018066	1.8536572456359863	2.2119412422180176	0.398439884185791	1.7376370429992676	2.5867667198181152	1.6558899879455566	1.928499698638916	2.807459831237793	2.4814958572387695	1.8790502548217773	2.4559197425842285	2.534902572631836	2.4383697509765625	1.3593335151672363	-0.9820117950439453	0.09339237213134766	1.3847990036010742	-0.4995570182800293	1.570256233215332	-3.073446273803711	-2.652606964111328	-3.018918991088867	-2.967738151550293	-3.682772636413574	-0.46431827545166016	-2.0019664764404297	-1.1971259117126465	-1.3197369575500488	0.13103771209716797	-0.10083389282226562	-0.35702037811279297		-0.04708385467529297	-0.00611114501953125	-0.6909828186035156	-0.14568614959716797	-1.2358989715576172	-1.3887920379638672	-1.242508888244629	-1.9872713088989258	-1.559281349182129	-0.7375316619873047	-2.821969985961914	-2.529796600341797
FGSG_08561	-0.9220848		-3.636549472808838	-2.26993989944458	-0.6961865425109863	0.503046989440918	0.2677268981933594	0.9547939300537109	1.133443832397461	0.20842266082763672	1.7713499069213867	2.3038902282714844	3.050077438354492	1.0184764862060547	2.943812370300293	2.390669822692871	2.2561569213867188	1.7594537734985352	2.8194360733032227	2.3280858993530273	2.2092533111572266	2.520936965942383	1.8875102996826172	1.8028135299682617	1.3330097198486328	0.5131092071533203	0.21775245666503906	1.0007972717285156	-0.18264007568359375	1.0546150207519531	-3.232903003692627	-2.5136656761169434	-2.7427220344543457	-3.593510150909424	-3.966197967529297	-1.3963842391967773	-2.5049800872802734	-1.1106252670288086	-1.2618465423583984	-0.7658576965332031	-0.284454345703125	-0.12111663818359375		0.047730445861816406	-0.08736324310302734	-0.5205478668212891	-0.1303396224975586	-1.357518196105957	-0.8074026107788086	-1.0942630767822266	-1.1879825592041016	-1.0593795776367188	-0.3367490768432617	-1.832763671875	-2.3786306381225586
FGSG_08670	-1.5293808		-4.0523762702941895	-2.716259479522705	-0.5683598518371582	0.8380837440490723	0.021666526794433594	1.450533390045166	1.866234302520752	1.0506267547607422	2.0691800117492676	2.586033344268799	2.8884100914001465	0.14481353759765625	2.4668335914611816	3.3127427101135254	3.066673755645752	2.2501168251037598	2.8085289001464844	2.5823898315429688	1.7731332778930664	3.0498032569885254	2.671419620513916	1.341531753540039	1.2615933418273926	0.16765308380126953	0.06964302062988281	0.02051687240600586	-0.20042133331298828	-0.8362107276916504	-3.595503330230713	-2.92903995513916	-3.0369062423706055	-4.599169731140137	-5.096829891204834	-0.9871864318847656	-2.3280372619628906	-1.678299903869629	-1.680405616760254	-0.9814653396606445	-0.28529930114746094	0.041778564453125		-0.05050373077392578	0.06612014770507812	-0.15037059783935547	-0.12779521942138672	-1.7393226623535156	-1.1827192306518555	-1.0139827728271484	-1.8820133209228516	-2.2064876556396484	-0.9296789169311523	-1.2554073333740234	-3.6031441688537598
FGSG_08676	-0.71095467		-5.4733734130859375	-3.544066905975342	-1.9532966613769531	-0.4665231704711914	-0.7307796478271484	-0.050597190856933594	-0.1070394515991211	0.3763608932495117	0.7376508712768555	0.6677665710449219	1.4097528457641602	-0.6688566207885742	1.2499799728393555	1.445826530456543	0.75018310546875	1.9517126083374023	1.9117364883422852	1.8485746383666992	1.873429298400879	1.3038930892944336	2.393083095550537	2.2838330268859863	1.1661672592163086	-0.061913490295410156	0.21468544006347656	1.0874357223510742	-0.007673264015465975	1.2528901100158691	-2.484622001647949	-1.7721023559570312	-2.5725879669189453	-3.8083252906799316	-4.606590747833252	-0.9017305374145508	-2.0312633514404297	-0.8016376495361328	-0.91448974609375	-0.42211437225341797	-0.17880630493164062	-0.2056865692138672		0.021490097045898438	0.0368499755859375	-0.4892730712890625	-0.1317157745361328	-1.068136215209961	-0.6389493942260742	-0.7641887664794922	-1.2347402572631836	-0.8794326782226562	-0.3446941375732422	-1.6010103225708008	-1.9621667861938477
FGSG_08677	0.07620525		-5.4733734130859375	-3.544066905975342	-1.9532966613769531	-0.4665231704711914	-0.7307796478271484	-0.050597190856933594	-0.1070394515991211	0.3763608932495117	0.7376508712768555	0.6677665710449219	1.4097528457641602	-0.6688566207885742	1.2499799728393555	1.445826530456543	0.75018310546875	1.9517126083374023	1.9117364883422852	1.8485746383666992	1.873429298400879	1.3038930892944336	1.5403437614440918	1.1150288581848145	1.1661672592163086	-0.061913490295410156	0.21468544006347656	0.9886250495910645	0.2813386917114258	0.7425942420959473	-2.41196870803833	-0.2053356170654297	-0.11752033233642578	-3.8083252906799316	-4.606590747833252	-0.9017305374145508	-2.0312633514404297	-0.4068031311035156	-0.27464866638183594	-0.2198801040649414	-0.17880630493164062	-0.2056865692138672		0.021490097045898438	0.0368499755859375	-0.4892730712890625	-0.1317157745361328	-0.45108509063720703	-0.6389493942260742	-0.7641887664794922	-1.2347402572631836	-0.8794326782226562	-0.3446941375732422	-1.6010103225708008	-1.9621667861938477
FGSG_08714	-1.2083082		-4.992987155914307	-3.1084141731262207	-1.3107171058654785	0.12645244598388672	0.27549266815185547	0.40398502349853516	0.7687530517578125	0.7866306304931641	1.8655929565429688	1.497589111328125	2.2707223892211914	0.7134428024291992	2.040438652038574	2.3945493698120117	1.5414533615112305	2.213444709777832	1.5674371719360352	1.517313003540039	1.0271482467651367	2.262862205505371	1.392685890197754	1.430419921875	1.5737848281860352	-0.7596893310546875	0.17430973052978516	0.6148262023925781	-0.5157976150512695	0.9825029373168945	-3.3029818534851074	-2.6419267654418945	-2.803184986114502	-2.9790430068969727	-4.34980583190918	-0.3780698776245117	-1.691054344177246	-1.431410789489746	-1.3061981201171875	-0.32561302185058594	-0.1207571029663086	-0.20077037811279297		0.020143508911132812	0.04386329650878906	-0.3899669647216797	-0.2514076232910156	-1.5877571105957031	-0.8964605331420898	-0.9399528503417969	-1.3166723251342773	-0.8490028381347656	-0.6396121978759766	-1.3481674194335938	-1.8179502487182617
FGSG_08895	-1.2939882		-3.4248969554901123	-2.256260871887207	-0.5745668411254883	0.7229189872741699	0.5916361808776855	1.324446201324463	1.7985224723815918	0.4918174743652344	2.1702895164489746	2.1215033531188965	3.22725248336792	0.8865094184875488	2.957362651824951	3.232729434967041	2.1726889610290527	2.300380229949951	2.698430061340332	2.132749557495117	1.8669557571411133	3.0476889610290527	2.5815725326538086	2.0289154052734375	1.5959696769714355	-0.016504287719726562	0.1874074935913086	0.9115104675292969	-0.6884975433349609	1.1805477142333984	-3.90651798248291	-2.9511590003967285	-3.374971389770508	-3.3966422080993652	-3.821779251098633	-0.4163646697998047	-2.181516647338867	-1.3587617874145508	-1.359231948852539	-0.5610628128051758	-0.35715579986572266	-0.002166748046875		0.08783340454101562	0.0528564453125	-0.5374526977539062	-0.14796066284179688	-1.6052236557006836	-1.3372058868408203	-1.0068254470825195	-1.4679794311523438	-1.2917242050170898	-0.5227031707763672	-1.7781028747558594	-2.5460195541381836
FGSG_08896	-0.783947		-3.7850069999694824	-2.4110403060913086	-1.1090378761291504	-0.0075006489641964436	0.08091926574707031	0.2985363006591797	0.6533231735229492	1.1600914001464844	1.5108060836791992	1.6547460556030273	2.042940139770508	0.3527259826660156	1.5992298126220703	2.221569061279297	1.6575260162353516	2.0379791259765625	2.6522293090820312	2.5166854858398438	1.5356330871582031	2.2349586486816406	1.867325782775879	1.7059965133666992	1.4106159210205078	-1.1027297973632812	0.0939483642578125	0.6666765213012695	-0.737800121307373	0.2916831970214844	-2.729091167449951	-2.1849355697631836	-2.670703411102295	-3.1241531372070312	-3.265927314758301	-0.38330841064453125	-2.1269407272338867	-0.8903388977050781	-0.837306022644043	-0.17482757568359375	-0.06889915466308594	-0.3837127685546875		0.015865325927734375	0.05180168151855469	-0.5161275863647461	-0.1977863311767578	-1.3723993301391602	-1.478327751159668	-0.9975109100341797	-1.5939579010009766	-1.1407814025878906	-0.7605276107788086	-2.213473320007324	-2.368870735168457
FGSG_09866	-0.4597702		-2.754040241241455	-1.8451666831970215	-0.5257301330566406	0.4364805221557617	0.43658924102783203	0.7714967727661133	1.1416358947753906	1.071197509765625	1.722224235534668	1.4927968978881836	2.1035194396972656	0.7157735824584961	1.7574872970581055	1.9751062393188477	1.3244562149047852	1.952906608581543	2.352731704711914	2.228311538696289	0.9619598388671875	1.9050464630126953	1.899641990661621	1.59442138671875	1.369339942932129	-1.6719293594360352	0.15002822875976562	1.180710792541504	0.20926952362060547	0.8639202117919922	-2.992849826812744	-2.101222515106201	-2.3414621353149414	-2.1846256256103516	-2.4190731048583984	-0.3632936477661133	-1.7280769348144531	-0.6241855621337891	-1.0226631164550781	0.09009170532226562	-0.0876007080078125	-0.41703319549560547		0.047026634216308594	0.0029754641000181437	-0.4197826385498047	-0.3446626663208008	-1.1898822784423828	-1.1620254516601562	-1.0498485565185547	-1.5356998443603516	-1.2397031784057617	-0.7247562408447266	-2.0792341232299805	-2.3111228942871094
FGSG_09870	-1.4701662		-2.8964810371398926	-1.1920576095581055	0.11768150329589844	1.2640266418457031	0.823638916015625	1.6654863357543945	2.071664810180664	0.6758575439453125	2.068675994873047	2.092609405517578	2.6186885833740234	0.8331851959228516	2.3114356994628906	2.850831985473633	2.0396251678466797	2.624814987182617	2.286038398742676	2.1679811477661133	1.4390830993652344	2.808659553527832	1.94976806640625	2.6289243698120117	1.8375358581542969	-1.0769004821777344	0.0021638870239257812	1.3457584381103516	-0.3784823417663574	0.9743471145629883	-3.437053680419922	-2.7860889434814453	-3.4901037216186523	-1.9724197387695312	-2.387049674987793	-0.04293346405029297	-2.2324323654174805	-1.528228759765625	-1.538731575012207	-0.4407157897949219	-0.15818023681640625	-0.31986331939697266		0.0128936767578125	0.026956558227539062	-0.5356264114379883	-0.31034088134765625	-1.6727242469787598	-1.3181629180908203	-1.0300788879394531	-1.6923189163208008	-1.4142560958862305	-0.6558094024658203	-2.6562957763671875	-2.2816162109375
FGSG_09974	-0.935832		-4.707977294921875	-3.0212368965148926	-1.1684298515319824	0.4610939025878906	-0.1390533447265625	1.0693836212158203	1.1810131072998047	1.1650495529174805	1.6224193572998047	2.622626304626465	2.927760124206543	1.0073366165161133	3.320343017578125	2.337470054626465	2.6663265228271484	1.7232627868652344	2.9480199813842773	2.83074951171875	1.3862628936767578	2.3301334381103516	3.2985434532165527	2.8211865425109863	1.4067668914794922	0.08751678466796875	0.10660934448242188	1.856339931488037	0.800356388092041	1.0178046226501465	-3.3067421913146973	-2.4543027877807617	-2.995741367340088	-3.3568100929260254	-3.803424835205078	-0.09442806243896484	-2.3963165283203125	-1.1900291442871094	-1.5140304565429688	-0.27492523193359375	-0.15109634399414062	0.20906734466552734		0.07094573974609375	0.009890556335449219	-0.3391733169555664	-0.14036273956298828	-1.4166669845581055	-0.6127357482910156	-0.9809350967407227	-1.1401481628417969	-0.8262395858764648	-0.21679115295410156	-1.4239330291748047	-2.1536741256713867
FGSG_10010	-0.59796715		-2.8439507484436035	-2.088003635406494	-0.49829626083374023	0.4892864227294922	0.8313226699829102	0.8096895217895508	1.0529899597167969	0.1975870132446289	2.0659570693969727	1.8018198013305664	2.552792549133301	0.6851463317871094	2.1956663131713867	2.7692699432373047	1.7677898406982422	2.385589599609375	2.3454465866088867	2.144625663757324	1.875396728515625	2.5781869888305664	1.535736083984375	2.3348865509033203	1.6937599182128906	-0.6644401550292969	0.1266775131225586	1.2489595413208008	-0.4783363342285156	1.1646413803100586	-2.5296435356140137	-1.9967594146728516	-2.7848548889160156	-2.907895088195801	-3.362109661102295	-0.5133686065673828	-2.0819625854492188	-0.7594490051269531	-1.2408742904663086	0.04173564910888672	-0.11838626861572266	-0.5503501892089844		-0.0028905870858579874	0.07726669311523438	-0.717249870300293	-0.3332853317260742	-1.3023443222045898	-1.0592012405395508	-1.0253028869628906	-1.370661735534668	-0.9551362991333008	-0.4944448471069336	-2.149312973022461	-2.5480356216430664
FGSG_10181	-0.37263966		-4.066336631774902	-2.4992737770080566	-0.6989765167236328	0.7158098220825195	0.0728597640991211	1.327535629272461	1.6343841552734375	0.6845264434814453	1.7539196014404297	2.436372756958008	2.772890090942383	1.8519830703735352	3.068157196044922	2.4243507385253906	2.444660186767578	2.0643138885498047	2.0527095794677734	1.8335838317871094	1.3895196914672852	2.491109848022461	1.665287971496582	1.4553098678588867	1.2236433029174805	0.6050758361816406	-0.0064220428466796875	0.9887266159057617	0.4532899856567383	0.8375568389892578	-2.305452346801758	-1.392695426940918	-2.4375667572021484	-3.044367790222168	-3.491914749145508	-0.35001182556152344	-1.9837455749511719	-0.44895267486572266	-0.7520856857299805	-0.17098617553710938	-0.27042102813720703	0.056282997131347656		0.051093101501464844	-0.119720458984375	-0.3332633972167969	-0.09938430786132812	-1.1309070587158203	-0.8291301727294922	-0.8031129837036133	-0.8215694427490234	-0.6302461624145508	-0.1542959213256836	-0.9946136474609375	-1.5938901901245117
FGSG_10245	-0.83156204		-5.177606582641602	-2.719320774078369	-0.7408170700073242	0.5123519897460938	-0.525360107421875	0.8001251220703125	1.304300308227539	0.7126197814941406	1.534292221069336	2.3625364303588867	2.98638916015625	0.6388092041015625	2.8716259002685547	2.5413923263549805	2.419830322265625	2.1332502365112305	2.2382431030273438	2.05014705657959	1.4865999221801758	2.4610729217529297	1.9999017715454102	2.090142250061035	1.8810434341430664	-0.2896099090576172	0.1137847900390625	1.1628217697143555	0.18416118621826172	0.6760072708129883	-3.159952163696289	-2.282176971435547	-2.96010684967041	-5.039059638977051	-6.097879409790039	-0.6987533569335938	-2.0747976303100586	-1.1711273193359375	-1.427138328552246	-0.4510202407836914	-0.2479238510131836	0.034089088439941406		0.07058048248291016	-0.020467758178710938	-0.32236576080322266	-0.03336334228515625	-1.6048831939697266	-0.857640266418457	-0.9834070205688477	-1.4152517318725586	-1.058365821838379	-0.3856973648071289	-1.504643440246582	-1.8880128860473633
FGSG_10246	-0.30027485		-6.396357536315918	-4.2070770263671875	-2.0538244247436523	-0.8360738754272461	-1.8312711715698242	-0.5156869888305664	0.02574920654296875	0.4785299301147461	0.10421276092529297	0.5702486038208008	1.4459457397460938	0.28485870361328125	1.0643835067749023	1.033919334411621	0.7750091552734375	1.8592100143432617	1.072239875793457	0.9247522354125977	0.8405427932739258	1.0596189498901367	0.8081283569335938	2.2531304359436035	1.3982419967651367	0.22914409637451172	0.1404743194580078	0.13383007049560547	-0.3152170181274414	0.0597691535949707	-2.0917201042175293	-1.5789566040039062	-1.396103858947754	-4.079404830932617	-4.867215156555176	-0.9842987060546875	-1.837162971496582	-0.3563356399536133	-0.28215789794921875	-0.4228849411010742	-0.1992959976196289	-0.05134010314941406		0.01596546173095703	0.12202739715576172	-0.17078399658203125	-0.23517322540283203	-0.9356670379638672	-0.3385629653930664	-0.44011592864990234	-0.6736230850219727	-0.5530319213867188	-0.4412069320678711	-0.5408992767333984	-0.9493999481201172
FGSG_10368	-0.9716797		-2.13356351852417	-1.4299874305725098	-0.07872390747070312	1.0530166625976562	0.8223867416381836	1.3364028930664062	1.4261503219604492	0.6972284317016602	1.9318723678588867	2.1989593505859375	2.465163230895996	1.056976318359375	2.726046562194824	2.359485626220703	2.170562744140625	2.069406509399414	2.4809675216674805	2.3022336959838867	1.2593975067138672	2.518695831298828	2.9575929641723633	1.5376181602478027	1.6661863327026367	-0.5149135589599609	0.17626476287841797	1.8951654434204102	1.2082219123840332	1.226114273071289	-3.072115898132324	-2.3181681632995605	-2.8705482482910156	-1.8167667388916016	-2.0976343154907227	-0.2071542739868164	-1.8378372192382812	-1.1780071258544922	-1.1942787170410156	-0.4391326904296875	-0.12257862091064453	-0.28144359588623047		0.03714752197265625	-0.09104633331298828	-0.566554069519043	-0.1617898941040039	-1.5395135879516602	-1.0522594451904297	-1.121805191040039	-1.3263463973999023	-0.9874649047851562	-0.27843666076660156	-2.0072431564331055	-2.2880306243896484
FGSG_10733	-0.25726128		-4.596729755401611	-2.993753433227539	-1.6616506576538086	-0.45185375213623047	-0.6628999710083008	0.1366567611694336	0.14962005615234375	0.37968921661376953	0.5790834426879883	0.8806867599487305	1.1481895446777344	0.3245706558227539	1.3011970520019531	1.0427970886230469	0.9979867935180664	0.7149763107299805	0.9586954116821289	0.956568717956543	1.0438203811645508	1.0691843032836914	0.9829206466674805	1.1595792770385742	0.39527416229248047	0.17790699005126953	0.0649881362915039	0.48586273193359375	-0.4654102325439453	0.14145755767822266	-2.4384121894836426	-1.5267524719238281	-1.626516342163086	-1.501382827758789	-1.7695074081420898	0.007817268371582031	-1.0776233673095703	-0.42755889892578125	-0.45630645751953125	0.06470203399658203	-0.06969738006591797	0.09727096557617188		0.05770301818847656	-0.024793624877929688	-0.19455623626708984	-0.11899662017822266	-0.6132678985595703	-0.4752073287963867	-0.6342010498046875	-0.7542409896850586	-0.5636196136474609	-0.2653799057006836	-0.7533788681030273	-1.5099563598632812
FGSG_10845	-0.64620304		-4.247024059295654	-3.5613207817077637	-2.2672371864318848	-0.9268865585327148	-1.2745676040649414	-0.684992790222168	-0.1663370132446289	0.9049663543701172	0.1230459213256836	0.2262258529663086	0.836176872253418	-0.5078411102294922	0.33506298065185547	0.7765970230102539	0.24189281463623047	1.1998100280761719	2.519794464111328	2.2321367263793945	1.020956039428711	0.8632564544677734	2.4754271507263184	1.2723593711853027	0.879786491394043	-0.9227170944213867	0.04061317443847656	1.1986994743347168	0.1661238670349121	-0.021751880645751953	-2.4905104637145996	-1.7016468048095703	-1.9340534210205078	-2.8159523010253906	-3.1375770568847656	-0.738072395324707	-2.4253931045532227	-0.7404632568359375	-1.0053024291992188	-0.15456390380859375	-0.19089698791503906	-0.4303569793701172		-0.07921314239501953	0.03043651580810547	-0.5085296630859375	-0.21886157989501953	-1.0183372497558594	-1.1090402603149414	-1.100306510925293	-1.561227798461914	-1.3287162780761719	-0.7323675155639648	-1.8410587310791016	-2.117323875427246
FGSG_10905	-1.2559605		-1.6864895820617676	-1.089735984802246	-0.5266695022583008	0.2461533546447754	1.275550365447998	0.41818952560424805	1.1005072593688965	1.1230735778808594	2.0566468238830566	1.1698603630065918	1.4284300804138184	-0.06181621551513672	0.4081292152404785	2.804260730743408	1.1403660774230957	2.2392067909240723	2.8855361938476562	2.812356948852539	1.8589401245117188	2.4448533058166504	1.7054243087768555	2.733377456665039	0.947120189666748	-1.5250577926635742	-0.07390975952148438	0.9517374038696289	-1.4176230430603027	0.13747882843017578	-3.0379157066345215	-2.041348934173584	-2.7581262588500977	-1.5246524810791016	-1.706369400024414	-0.05658435821533203	-2.1253576278686523	-1.306900978088379	-1.4753856658935547	-0.4517030715942383	-0.1994495391845703	-0.5361623764038086		-0.24547576904296875	0.013409614562988281	-0.6930093765258789	-0.5158195495605469	-1.3393735885620117	-1.572977066040039	-1.0988216400146484	-2.1643495559692383	-1.9059343338012695	-0.8420295715332031	-2.847174644470215	-2.263172149658203
FGSG_11839	-0.44741297		-3.0536437034606934	-2.0284972190856934	-0.834296703338623	0.13671588897705078	0.1606121063232422	0.6741867065429688	1.0562095642089844	0.5600271224975586	1.4421300888061523	1.3428821563720703	1.7976264953613281	-0.10624027252197266	1.1861820220947266	2.3496627807617188	1.3888864517211914	1.7161216735839844	2.4823989868164062	2.2061805725097656	1.4039154052734375	2.2566661834716797	1.2060441970825195	2.07672119140625	1.3019895553588867	-1.1218376159667969	-0.05072593688964844	0.1178274154663086	-1.6358461380004883	-0.10207653045654297	0.018834829330444336	-0.277738094329834	-0.660313606262207	-2.493314743041992	-2.939983367919922	-0.22262001037597656	-2.3795576095581055	-0.5569674968719482	-0.30880093574523926	-0.5411210060119629	-0.16256141662597656	-0.4508399963378906		0.10874080657958984	0.06022357940673828	-0.5757999420166016	-0.4087696075439453	-0.2164773941040039	-1.2768974304199219	-1.2287731170654297	-1.8276872634887695	-1.3092994689941406	-0.7207212448120117	-2.2632570266723633	-2.326406478881836
FGSG_12937	-0.6432409		-2.8513035774230957	-2.877513885498047	-2.0344672203063965	-1.1549534797668457	-1.096463680267334	-0.6309103965759277	0.05830240249633789	1.8701529502868652	0.14934921264648438	0.7057228088378906	-0.44634389877319336	-1.036623477935791	-0.24235010147094727	0.5662460327148438	0.6211428642272949	1.6818227767944336	0.28904294967651367	3.2351465225219727	1.5767831802368164	1.305999755859375	0.8970966339111328	0.4414398670196533	0.5452523231506348	0.5344200134277344	-0.36289310455322266	0.3512845039367676	0.39025306701660156	0.12539124488830566	-1.7708001136779785	-1.3717427253723145	-0.8378720283508301	-2.1493377685546875	-2.2638425827026367	-1.2572021484375	-2.7572360038757324	-1.316317081451416	-1.0496816635131836	-0.7185335159301758	-0.1789703369140625	0.1841602325439453		-0.08430194854736328	-0.04061317443847656	-0.3964576721191406	-0.1847829818725586	-0.9196724891662598	-1.5809340476989746	-2.1165080070495605	-2.146070957183838	-1.64155912399292	-1.5120744705200195	-1.9820270538330078	-1.6165103912353516
FGSG_12938	0.29750872		-2.8513035774230957	-2.877513885498047	-2.0344672203063965	-1.1549534797668457	-1.096463680267334	-0.6309103965759277	0.05830240249633789	1.8701529502868652	0.14934921264648438	0.7057228088378906	-0.44634389877319336	-1.036623477935791	-0.24235010147094727	0.5662460327148438	0.6211428642272949	1.6818227767944336	0.28904294967651367	3.2351465225219727	1.5767831802368164	1.305999755859375	1.6737895011901855	0.8718795776367188	0.5452523231506348	0.5344200134277344	-0.36289310455322266	0.6898131370544434	0.7029032707214355	0.37371015548706055	-0.28094959259033203	0.3928260803222656	-0.2021322250366211	-2.1493377685546875	-2.2638425827026367	-1.2572021484375	-2.7572360038757324	0.4733309745788574	0.2590444087982178	1.1043283939361572	-0.1789703369140625	0.1841602325439453		-0.08430194854736328	-0.04061317443847656	-0.3964576721191406	-0.1847829818725586	0.016002893447875977	-1.5809340476989746	-2.1165080070495605	-2.146070957183838	-1.64155912399292	-1.5120744705200195	-1.9820270538330078	-1.6165103912353516
FGSG_13664	-0.7448025		-4.987164497375488	-3.7026572227478027	-1.8263773918151855	-0.5239772796630859	-0.8551349639892578	-0.23072052001953125	0.15515899658203125	0.9544963836669922	0.9017791748046875	1.1632394790649414	1.484832763671875	0.1220560073852539	1.0650415420532227	1.4680299758911133	1.13360595703125	1.8059425354003906	1.776174545288086	1.5476226806640625	0.9251565933227539	1.5328760147094727	1.531804084777832	1.5615339279174805	1.0009231567382812	-0.34147071838378906	0.0052022929303348064	0.03490638732910156	-0.44380998611450195	0.06715774536132812	-2.513209342956543	-2.1039915084838867	-2.114151954650879	-3.780139923095703	-4.417775630950928	-1.0860185623168945	-1.9770002365112305	-0.9047603607177734	-0.7421226501464844	-0.43506813049316406	-0.12630653381347656	-0.33409786224365234		0.0089111328125	0.01885700225830078	-0.49066734313964844	-0.11054611206054688	-1.2317399978637695	-0.572906494140625	-0.5902156829833984	-0.8983564376831055	-0.6980571746826172	-0.554377555847168	-1.1623659133911133	-1.4558601379394531
FGSG_13665	-1.1651907		-4.987164497375488	-3.7026572227478027	-1.8263773918151855	-0.5239772796630859	-0.8551349639892578	-0.23072052001953125	0.15515899658203125	0.9544963836669922	0.9017791748046875	1.1632394790649414	1.484832763671875	0.1220560073852539	1.0650415420532227	1.4680299758911133	1.13360595703125	1.8059425354003906	1.776174545288086	1.5476226806640625	0.9251565933227539	1.5328760147094727	1.531804084777832	1.5615339279174805	1.0009231567382812	-0.34147071838378906	0.0052022929303348064	0.03490638732910156	-0.44380998611450195	0.06715774536132812	-2.0347414016723633	-1.4406323432922363	-0.8584451675415039	-3.780139923095703	-4.417775630950928	-1.0860185623168945	-1.9770002365112305	-1.6039152145385742	-1.169569492340088	-0.8536615371704102	-0.12630653381347656	-0.33409786224365234		0.0089111328125	0.01885700225830078	-0.49066734313964844	-0.11054611206054688	-0.7409992218017578	-0.572906494140625	-0.5902156829833984	-0.8983564376831055	-0.6980571746826172	-0.554377555847168	-1.1623659133911133	-1.4558601379394531
FGSG_13666	-1.9374061		-4.987164497375488	-3.7026572227478027	-1.8263773918151855	-0.5239772796630859	-0.8551349639892578	-0.23072052001953125	0.15515899658203125	0.9544963836669922	0.9017791748046875	1.1632394790649414	1.484832763671875	0.1220560073852539	1.0650415420532227	1.4680299758911133	1.13360595703125	1.8059425354003906	1.776174545288086	1.5476226806640625	0.9251565933227539	1.5328760147094727	1.531804084777832	1.5615339279174805	1.0009231567382812	-0.34147071838378906	0.0052022929303348064	0.03490638732910156	-0.44380998611450195	0.06715774536132812	-2.946347236633301	-2.117185592651367	-2.067931652069092	-3.780139923095703	-4.417775630950928	-1.0860185623168945	-1.9770002365112305	-2.091785430908203	-1.897216796875	-1.4733428955078125	-0.12630653381347656	-0.33409786224365234		0.0089111328125	0.01885700225830078	-0.49066734313964844	-0.11054611206054688	-1.4841728210449219	-0.572906494140625	-0.5902156829833984	-0.8983564376831055	-0.6980571746826172	-0.554377555847168	-1.1623659133911133	-1.4558601379394531
