GeneName	GeneDescription	FG5_H6_H8	FG5_H11_14	FG5_H16_H18	FG5_H21_H25	FG5_H26_H28	FG11_H7_H9	FG14_H1_H4s	FG16_H10_H12	FG18_H4_H6	mac1	FG1_H4_H6	FG2_H7_H9	FG6_H4_H6	FG6_H7_H9	MMN	PH1	Rpd3	FG2_H4_H6	FG7_H4_H6	HP1	Hos2	FG7_H7_H9	FG7_H10_H12	FG19_H4-6	FG19_H7-9	FG19_H10-12	FG19_H15-17	DESCRIPTION	MMC	cpka	FG10_H1_H3	FG11_H4_H6	FG16_H4_H6	FG16_H7_H9	FG19_H13-14	FG1_H7_H9	FG1_H13_H15	FG1_H16_H18	FG15_H16_H18	FG15_H19_H21	FG1_H10_H12	FG13_H4_H6	FG15_H7_H9	FG15_H10_H12	FG15_H13_H15	FG6_H1_H3	FG12_H1_H4	FG12_H5_H8	FG12_H9_H11	FG13_H7_H9	FG13_H13_H15	FG13_H16_H18	FG15_H4_H6	
null-0.008232832	0	53	779
null0.1610415	1	44	769
null-0.48582554	2	26	760
null0.5365248	3	10	751
null-1.4106727	3	16	750
null-0.6770625	2	18	759
null-0.008232832	3	10	749
===========
FGSG_00007	0.14401877		-0.4815666675567627	-0.5618202686309814	-0.6493604183197021	-0.2941901683807373	-0.585407018661499	-5.096253395080566	-7.211255073547363	-4.0981831550598145	-9.110159873962402	0.4567863941192627	0.2563297748565674	-0.13102030754089355	0.59747314453125	0.40698981285095215	-0.16344940662384033	0.27937543392181396	-0.035788536071777344	-0.1488635540008545	0.0766599178314209	-0.018158435821533203	0.2740093469619751	0.14502692222595215	-0.2534065246582031	-0.06650304794311523	-0.06393647193908691	-0.22247660160064697	-0.01826643943786621		0.3228417634963989	0.1897217035293579	-0.10839343070983887	-5.703269958496094	-3.5489635467529297	-0.9694299697875977	-0.31540489196777344	2.2638869285583496	4.166376113891602	4.038879871368408	1.6206698417663574	1.3321099281311035	4.746946334838867	6.334712982177734	4.337803363800049	4.660829544067383	5.215662956237793	0.31486988067626953	1.5875022411346436	1.610295057296753	2.776664972305298	0.06316637992858887	1.6860332489013672	-0.10863685607910156	0.9239263534545898
FGSG_00028	0.47365594		-0.34144020080566406	-1.1249949932098389	-1.360569715499878	-1.0706300735473633	-1.2342534065246582	0.3934345245361328	0.8347501754760742	-3.9681406021118164	0.11853337287902832	0.8962099552154541	1.0589301586151123	-0.05426669120788574	-0.19342660903930664	-0.2785334587097168	0.052857398986816406	-0.30973029136657715	-0.0031971929129213095	-0.07997322082519531	0.3316633701324463	0.3789215087890625	0.1336221694946289	0.23772335052490234	-0.01127004623413086	1.0812900066375732	0.19751691818237305	3.539306879043579	0.4936399459838867		0.40656471252441406	0.28737640380859375	-3.292059898376465	0.6102180480957031	-3.022177219390869	-1.1479101181030273	-0.36490321159362793	2.2601869106292725	4.846839904785156	4.0628662109375	2.7248337268829346	2.4792702198028564	4.054366111755371	6.1725640296936035	5.317319869995117	4.726356506347656	5.244537353515625	-0.1787734031677246	1.9138875007629395	2.0973877906799316	1.8376951217651367	-0.059009552001953125	3.9057602882385254	-0.41202640533447266	3.9616634845733643
FGSG_00071	-0.28402805		-3.252851963043213	-3.429407835006714	-3.328608989715576	-2.712472915649414	-3.1802687644958496	-3.5264267921447754	-7.201976776123047	-5.58293342590332	-10.094343185424805	0.3472001552581787	-0.07574677467346191	0.5448462963104248	2.0332701206207275	1.2571666240692139	-0.2683432102203369	0.5432474613189697	-0.4900493621826172	-0.0784599781036377	0.09850358963012695	-0.32837891578674316	0.09310579299926758	0.20042681694030762	0.4393737316131592	-0.13890337944030762	-0.01580333709716797	-0.15114665031433105	2.17836332321167		-0.06989598274230957	0.4409325122833252	0.5087699890136719	-4.979149341583252	-4.494033336639404	-0.7700405120849609	-0.21396493911743164	4.244915962219238	5.427453994750977	5.043123245239258	3.2870399951934814	2.48803973197937	6.069809913635254	8.293286323547363	6.18440055847168	6.82072639465332	6.55815315246582	2.518986463546753	-0.024419784545898438	-0.033025264739990234	2.5520477294921875	1.9958066940307617	1.6098036766052246	1.7202434539794922	1.2835400104522705
FGSG_01765	1.7135267		-3.854212522506714	-4.140107154846191	-4.103315353393555	-4.136450290679932	-3.927578926086426	-0.39673423767089844	-2.8181676864624023	-2.8848700523376465	-6.313045501708984	0.342179536819458	0.5344662666320801	1.3100764751434326	1.0066027641296387	0.8322162628173828	-2.645720958709717	-0.4080476760864258	-1.225618839263916	-0.07686018943786621	-2.492976427078247	1.3961601257324219	0.467282772064209	-2.477426290512085	-1.4665203094482422	0.41762661933898926	2.0558199882507324	4.716245174407959	-0.2296733856201172		-3.2372705936431885	-1.563176155090332	0.15642547607421875	-0.43822383880615234	-0.5210895538330078	-0.016839981079101562	1.0393166542053223	2.0521962642669678	4.557299613952637	5.3802900314331055	6.372679710388184	6.375819206237793	4.059513092041016	6.137157440185547	2.9214026927948	4.847716331481934	5.9775590896606445	4.066972732543945	-0.8043951988220215	-0.642125129699707	2.865926742553711	5.803746223449707	1.3583834171295166	4.58197021484375	1.0205960273742676
FGSG_01819	-0.018383503		-2.0642991065979004	-2.107200860977173	-2.2154290676116943	-2.0245521068573	-1.5091125965118408	0.010896682739257812	-4.148629188537598	-3.1701598167419434	-3.207653522491455	0.14261341094970703	0.1664867401123047	-0.14577984809875488	0.45086669921875	0.6833004951477051	-0.3045539855957031	-0.3136889934539795	-0.07804608345031738	-0.5003197193145752	0.15281009674072266	0.03838682174682617	-0.34772324562072754	0.05164027214050293	-0.14775991439819336	0.5206468105316162	0.3841667175292969	1.274043321609497	0.04456686973571777		-0.14428067207336426	-0.3143758773803711	-0.011003494262695312	0.05084371566772461	-1.855259895324707	-1.0639228820800781	-0.05128979682922363	0.840430498123169	1.6186106204986572	1.7029368877410889	2.096540689468384	1.3029539585113525	2.559777021408081	4.9182024002075195	2.549543619155884	3.176417112350464	3.272840738296509	1.2659037113189697	1.8380770683288574	1.7483325004577637	2.0837836265563965	0.9784600734710693	2.249976873397827	2.0733630657196045	1.1189773082733154
FGSG_02416	-0.25020027		-3.4380879402160645	-2.7928128242492676	-1.437671184539795	-3.1346077919006348	-3.0256080627441406	-0.34531688690185547	-3.0526247024536133	-3.2241601943969727	-7.515225887298584	-1.1227400302886963	-1.0180363655090332	1.5610570907592773	0.2018299102783203	0.10803699493408203	0.7440741062164307	-0.189483642578125	1.1510932445526123	-0.5750765800476074	0.00811624526977539	-0.15925145149230957	-0.09434008598327637	0.08864641189575195	0.46143293380737305	1.9049699306488037	3.7010037899017334	3.778272867202759	-0.10725665092468262		-0.09544014930725098	-0.0803384780883789	-0.1389169692993164	-0.9166669845581055	-2.8421664237976074	-0.4743232727050781	0.28245997428894043	-0.2731599807739258	1.5097498893737793	0.9833536148071289	1.1694536209106445	0.7513365745544434	1.9996700286865234	3.0520668029785156	1.0833930969238281	1.814347267150879	2.820039749145508	3.241140365600586	-0.05366992950439453	-0.02771472930908203	0.41208362579345703	3.9671173095703125	-2.297314167022705	1.9487733840942383	0.10231399536132812
FGSG_03532	-0.5976765		-2.5294291973114014	-2.596163511276245	-2.8441193103790283	-2.686269998550415	-2.8423492908477783	-1.7290735244750977	-5.4499921798706055	-1.9868030548095703	-6.0268635749816895	-1.2840170860290527	-1.6644465923309326	0.0745997428894043	-0.4439430236816406	-0.5403537750244141	-0.5964457988739014	-0.7931845188140869	-0.5168368816375732	-0.9667766094207764	0.43572998046875	-0.6193673610687256	-0.9107520580291748	0.6532235145568848	2.246753215789795	0.1048269271850586	0.1974499225616455	-0.09546995162963867	4.011600017547607		-0.8690433502197266	-0.8390908241271973	-0.09340667724609375	-3.660943031311035	-2.5689735412597656	-1.0123329162597656	-0.12492656707763672	0.6386299133300781	1.9126701354980469	1.802746295928955	0.5202760696411133	0.40393972396850586	2.6076736450195312	5.042855739593506	2.7487030029296875	2.8960161209106445	2.780789375305176	0.23699283599853516	0.27274274826049805	0.4272303581237793	1.2301487922668457	0.910639762878418	0.3762068748474121	0.7435736656188965	-0.17255687713623047
FGSG_03534	-0.13582551		-0.846113920211792	-0.7090938091278076	-0.7646505832672119	-0.6011238098144531	-0.6182072162628174	-4.0043134689331055	-7.55232048034668	-3.3606934547424316	-8.074156761169434	0.6272931098937988	0.5456163883209229	-0.08179664611816406	0.7606832981109619	0.49570655822753906	0.03340423107147217	-0.10661733150482178	-0.10271787643432617	-0.16908025741577148	0.09873628616333008	0.1621624231338501	-0.03528237342834473	0.08147335052490234	-0.09568357467651367	-0.07650160789489746	0.12525177001953125	-0.04382157325744629	-0.06910991668701172		-0.28325343132019043	-0.02131366729736328	0.017609834671020508	-4.476030349731445	-2.5844802856445312	-0.8971700668334961	-0.07724809646606445	2.311189889907837	3.208906412124634	2.805799722671509	1.8187367916107178	1.7726161479949951	4.1576433181762695	5.649923324584961	3.9907896518707275	4.5762529373168945	4.8531293869018555	0.7971498966217041	0.9971349239349365	1.0002424716949463	1.415984869003296	0.16319012641906738	1.6947033405303955	-0.15674304962158203	2.3729465007781982
FGSG_03535	-0.37768364		-4.379575252532959	-4.2738871574401855	-4.4337286949157715	-4.365225791931152	-4.445095062255859	-1.031198501586914	-9.4110689163208	-7.277153968811035	-9.54316234588623	0.3709595203399658	-0.24942326545715332	0.5653431415557861	1.1519832611083984	0.6742866039276123	0.4367973804473877	-0.40213799476623535	-0.5002241134643555	-0.32118678092956543	0.009016990661621094	-0.22081637382507324	-0.3765120506286621	0.018593311309814453	-0.05832648277282715	-0.13169360160827637	-0.008066892623901367	-0.08677005767822266	-0.09130334854125977		-0.14845752716064453	-0.4867546558380127	0.27271318435668945	-1.5310249328613281	-4.771570682525635	-0.5243368148803711	-0.15754342079162598	5.573840141296387	6.774883270263672	6.4607133865356445	5.138680458068848	4.351706027984619	7.56303596496582	8.969493865966797	7.255266189575195	7.985814094543457	7.8888139724731445	2.8801827430725098	1.0704898834228516	1.0541973114013672	4.062307357788086	3.315166473388672	1.6372971534729004	2.242006778717041	1.9873433113098145
FGSG_03537	-0.25723147		-2.205362558364868	-2.225302219390869	-2.4728763103485107	-2.2794835567474365	-2.5029494762420654	-3.221553325653076	-8.576885223388672	-5.627403736114502	-9.600656509399414	-0.27398681640625	-0.0883331298828125	-0.15216636657714844	-0.3244762420654297	-0.37725329399108887	-0.16387009620666504	-0.0629119873046875	-0.742638111114502	-0.4314866065979004	0.36858367919921875	-0.5502614974975586	-0.6221160888671875	0.24722671508789062	-0.03959965705871582	-0.06847643852233887	0.18554377555847168	-0.20435309410095215	-0.18118000030517578		-0.4180281162261963	-0.26551032066345215	0.6891870498657227	-5.126547336578369	-4.383813381195068	-1.0320014953613281	-0.30826807022094727	3.1935834884643555	4.5330939292907715	4.047500133514404	2.520643711090088	1.887883186340332	5.510316371917725	7.404836177825928	5.171670436859131	5.812916278839111	5.740259647369385	0.16572999954223633	2.1901726722717285	2.231825351715088	3.568258285522461	1.3526668548583984	2.245393753051758	0.3128366470336914	1.2692499160766602
FGSG_03539	-0.22496104		-2.994417190551758	-3.174656391143799	-3.2889904975891113	-3.457834005355835	-3.67549729347229	-6.656037330627441	-6.134946823120117	-6.672283172607422	-7.787383556365967	-0.4864532947540283	0.059073448181152344	0.36475300788879395	0.44263339042663574	0.24699711799621582	-0.02840900421142578	-0.2920520305633545	-0.5182672739028931	-0.2191166877746582	0.03178668022155762	-0.4920560121536255	-0.4344656467437744	-0.17119336128234863	-0.28697991371154785	-0.18656015396118164	0.04835653305053711	0.06045341491699219	-0.3041267395019531		-0.48406982421875	-0.4592776298522949	0.5709228515625	-3.795027256011963	-3.979863166809082	-0.12955951690673828	-0.3140251636505127	4.311544418334961	5.476000785827637	5.012750625610352	2.4620068073272705	2.936810255050659	6.983237266540527	8.411312103271484	4.812627792358398	6.669807434082031	6.233062744140625	1.902883768081665	0.5208444595336914	0.560269832611084	2.199932098388672	4.226743221282959	2.948606491088867	2.751396656036377	1.9612433910369873
FGSG_03540	0.22880149		-1.1196038722991943	-1.2862403392791748	-1.2805135250091553	-0.7939662933349609	-1.2486903667449951	-2.347489833831787	-7.928375244140625	-3.704167127609253	-8.95110034942627	-0.04839372634887695	-0.21262025833129883	-0.026000499725341797	2.0840866565704346	1.1504700183868408	0.44934773445129395	0.45588064193725586	0.5016000270843506	-0.1923069953918457	0.2387399673461914	0.1441030502319336	0.14670825004577637	0.23537659645080566	0.3315434455871582	0.16514015197753906	0.20805001258850098	0.08563518524169922	0.1460416316986084		0.5922024250030518	0.4612538814544678	0.08832359313964844	-3.3422434329986572	-2.7236671447753906	-0.9596242904663086	-0.05730152130126953	1.7100064754486084	2.5567328929901123	2.450813055038452	1.2071130275726318	0.9737296104431152	3.572326421737671	4.699006080627441	2.939953565597534	3.3673665523529053	3.661616563796997	0.9606764316558838	1.3825697898864746	1.3188400268554688	1.8017587661743164	0.9554400444030762	1.2953269481658936	0.8304870128631592	1.070279836654663
FGSG_03541	-0.67152953		0.26736903190612793	-0.19180655479431152	-0.5756974220275879	-0.48273587226867676	-0.4733872413635254	-2.432173252105713	-3.1488513946533203	-2.327066659927368	-4.913647174835205	0.16565990447998047	0.6407930850982666	0.7483634948730469	0.9345901012420654	0.9388368129730225	-0.2183218002319336	-0.47693896293640137	-0.5740761756896973	0.11170005798339844	-0.39618992805480957	-0.5716772079467773	-0.5670895576477051	-0.366046667098999	-0.4272463321685791	0.13164424896240234	0.2113809585571289	0.11181116104125977	1.3369166851043701		-0.38756847381591797	-0.20908260345458984	0.2777066230773926	-3.7963898181915283	-1.640556812286377	-0.2625131607055664	0.08640813827514648	1.357283115386963	2.461940288543701	2.2708730697631836	2.2535433769226074	1.851099967956543	3.2290425300598145	4.854940414428711	3.005833148956299	3.329516887664795	3.5400233268737793	0.912306547164917	-0.354034423828125	-0.4279599189758301	0.07522058486938477	0.8619701862335205	0.36152029037475586	0.15610671043395996	0.8889598846435547
FGSG_03543	-0.26798654		-2.345262289047241	-2.707432270050049	-2.478882074356079	-2.3715081214904785	-2.7365920543670654	-3.275946617126465	-8.737719535827637	-6.185173511505127	-10.02087688446045	0.14209318161010742	0.09201979637145996	0.2636268138885498	1.345733404159546	0.9034068584442139	-0.24591851234436035	-0.2779686450958252	0.01741313934326172	-0.4592266082763672	0.2753596305847168	-0.22199273109436035	-0.44930267333984375	0.23504304885864258	0.13421964645385742	0.26694631576538086	0.3636033535003662	0.39812326431274414	0.20692968368530273		-0.3685286045074463	1.3755478858947754	0.5993871688842773	-5.378523349761963	-4.717036724090576	-0.8084602355957031	-0.0615001916885376	4.596026420593262	5.8028974533081055	5.3520965576171875	3.372156858444214	2.718470335006714	6.831954002380371	8.688628196716309	6.0183563232421875	7.075300216674805	6.822406768798828	1.554323434829712	2.056952476501465	2.3136324882507324	4.126773834228516	2.8962032794952393	1.1847972869873047	1.5912237167358398	1.6530697345733643
FGSG_03585	0.6516397		-5.854061603546143	-5.631991863250732	-6.296675682067871	-5.774129867553711	-5.844184875488281	-0.2806739807128906	0.02485942840576172	-3.0093493461608887	-0.3152027130126953	0.6274971961975098	0.7833905220031738	0.24365663528442383	-0.2782764434814453	-0.2922830581665039	1.191087007522583	0.7840588092803955	1.2773163318634033	-0.4330263137817383	1.1420230865478516	0.9934918880462646	0.37734150886535645	1.0618467330932617	0.11177349090576172	-0.354886531829834	0.16814327239990234	-0.30736684799194336	-0.13811302185058594		0.9195873737335205	0.4756190776824951	0.01647043228149414	0.0766897201538086	-0.42733001708984375	-0.9235687255859375	0.35454320907592773	1.8047571182250977	2.166800022125244	2.7772769927978516	3.253500461578369	3.2647032737731934	2.4695167541503906	3.8184332847595215	3.3350367546081543	4.0024733543396	3.7875304222106934	2.353743553161621	-0.46922779083251953	-0.2506418228149414	1.3022489547729492	-0.06140708923339844	-1.2667808532714844	-3.4082164764404297	2.414154052734375
FGSG_03700	2.9023051		-4.198400497436523	-4.3205976486206055	-4.379690170288086	-2.763064384460449	-0.6747403144836426	0.5471735000610352	-3.729702949523926	-3.626399517059326	-4.155883312225342	0.5931799411773682	0.6949770450592041	0.9774305820465088	0.9240438938140869	1.543893575668335	0.5279722213745117	0.17559504508972168	1.729599952697754	-0.20740652084350586	0.1108999252319336	2.020198345184326	3.188082218170166	0.05276679992675781	0.002770185936242342	0.633873701095581	1.495100498199463	5.470273971557617	-0.007256507873535156		-0.04820990562438965	-0.2917466163635254	-1.1418371200561523	0.4227733612060547	-1.4865798950195312	-0.9827594757080078	-0.26160669326782227	1.7811501026153564	2.7683398723602295	3.2303268909454346	3.974736452102661	3.867110013961792	2.7229106426239014	6.853360176086426	4.67059326171875	4.745413780212402	4.956770896911621	3.177593469619751	0.6074223518371582	0.7968926429748535	1.4169654846191406	3.9802074432373047	-0.16994380950927734	-0.6604242324829102	2.7608001232147217
FGSG_03708	0.04610777		-5.591713905334473	-5.645543098449707	-5.892673492431641	-5.5785040855407715	-5.3432135581970215	-0.05654335021972656	-0.37021636962890625	-3.9612698554992676	-3.775330066680908	-0.08234310150146484	0.013350486755371094	-0.08923006057739258	-0.4821033477783203	-0.45484352111816406	1.3032312393188477	-0.01880788803100586	1.112539291381836	-0.4916534423828125	-0.19177007675170898	0.9046220779418945	0.4029121398925781	0.07732009887695312	-0.41384315490722656	-0.20241999626159668	-7.999999797903001E-4	0.47930335998535156	-0.036966800689697266		1.3114533424377441	0.5322005748748779	-0.1664571762084961	0.30208349227905273	-1.6843066215515137	-1.2020797729492188	-0.3277266025543213	0.4079732894897461	1.4941935539245605	1.6253929138183594	2.511706829071045	1.9534196853637695	1.5862798690795898	3.9465441703796387	2.3199801445007324	2.8513331413269043	2.7011561393737793	1.5354633331298828	-1.6676578521728516	-1.6265950202941895	-0.5031404495239258	0.9855341911315918	-3.300816535949707	-5.433413028717041	1.2336463928222656
FGSG_03818	0.49365568		-1.4550092220306396	-1.4745309352874756	-1.613959550857544	-1.436460018157959	-1.2148394584655762	-2.811397075653076	-3.0030226707458496	-3.316716432571411	-6.186206817626953	-0.195953369140625	-0.4278569221496582	0.043816328048706055	0.9817764759063721	1.2697598934173584	0.23644804954528809	0.8294544219970703	0.7590622901916504	-0.06512022018432617	0.2782566547393799	-0.018449068069458008	0.3591616153717041	0.20298314094543457	-0.010760068893432617	4.300833225250244	1.2870666980743408	4.915339946746826	0.014330148696899414		0.24512004852294922	0.1286458969116211	-0.06692314147949219	-2.416670322418213	-2.958113431930542	-1.241952896118164	-0.16624665260314941	-0.44315361976623535	1.9166333675384521	2.0643060207366943	2.3309895992279053	2.2392265796661377	0.5777232646942139	3.5333499908447266	2.1186463832855225	2.8705198764801025	4.721102714538574	2.7899529933929443	1.3701372146606445	1.4262800216674805	1.0506014823913574	-0.4004099369049072	1.1989233493804932	-0.20958709716796875	1.5957233905792236
FGSG_04656	7.972781		-5.576564788818359	-6.4826860427856445	-5.694528579711914	-5.2424540519714355	-4.9479217529296875	-0.2151336669921875	0.1395096778869629	-2.6817727088928223	-0.20783329010009766	-0.7294502258300781	-0.4259171485900879	-1.2928905487060547	-0.3195338249206543	-0.378173828125	-0.0870964527130127	-1.1800000356743112E-4	0.0014839170034974813	-2.02236008644104	0.40990328788757324	7.027681350708008	5.289610862731934	0.37317609786987305	2.7865335941314697	1.7896597385406494	0.7402565479278564	2.925013780593872	0.303499698638916		-0.16214251518249512	-0.09557867050170898	0.03603315353393555	-0.2393798828125	-1.1739063262939453	0.4355812072753906	2.0432398319244385	-0.2546868324279785	-0.24142694473266602	0.6612167358398438	4.0728864669799805	3.4821624755859375	-0.49894094467163086	6.249059200286865	2.3430633544921875	3.2708168029785156	2.875363349914551	5.124249458312988	2.0508904457092285	2.308267116546631	1.9820361137390137	1.5985398292541504	2.56343412399292	0.4668407440185547	0.557563304901123
FGSG_04693	-1.318116		-0.9971046447753906	-1.2223200798034668	-1.0677378177642822	-1.1648056507110596	-1.0429413318634033	-0.0024805068969726562	-1.228139877319336	-5.172807216644287	-5.7239990234375	-1.4322903156280518	-1.4115936756134033	1.103743076324463	-0.14814043045043945	-0.6318237781524658	-0.6101367473602295	-0.9287729263305664	-1.454561471939087	-1.5151302814483643	0.26562976837158203	-1.1246225833892822	-1.1898396015167236	0.7995500564575195	0.3146498203277588	-0.054670095443725586	0.488386869430542	3.724116802215576	-0.02276325225830078		-1.2917029857635498	-0.453188419342041	-1.3164668083190918	-0.10434341430664062	-0.8184099197387695	-0.061313629150390625	-0.1894383430480957	-1.1207301616668701	0.3869495391845703	0.8345165252685547	2.808643341064453	2.378232955932617	0.3273296356201172	4.738220691680908	1.156933307647705	2.4219231605529785	3.4469199180603027	1.7359495162963867	1.9458599090576172	1.9597673416137695	2.5172228813171387	3.7250475883483887	2.0764968395233154	4.902713775634766	-0.10527324676513672
FGSG_04741	0.58311963		-5.505091667175293	-5.309081554412842	-5.9289116859436035	-5.524302005767822	-5.53047513961792	-0.14484310150146484	-4.33222770690918	-3.4742836952209473	-1.1446995735168457	0.15485668182373047	0.34728336334228516	0.27196359634399414	0.05325031280517578	-0.06290960311889648	0.4645836353302002	-0.23365330696105957	0.3537783622741699	-0.6543030738830566	0.1295332908630371	0.44374656677246094	0.6815125942230225	0.2004399299621582	-0.5248668193817139	0.009146690368652344	2.583083391189575	4.079032897949219	-0.041930198669433594		0.14437389373779297	0.30144286155700684	0.2430591583251953	-0.003986359108239412	-1.3718299865722656	-1.3676538467407227	0.11816191673278809	1.8079867362976074	3.4976367950439453	3.814300537109375	3.9830665588378906	4.227434158325195	3.3384437561035156	5.793796539306641	4.560346603393555	4.877452850341797	4.956486701965332	0.7330269813537598	1.326845645904541	1.3236327171325684	3.612882137298584	0.05741310119628906	1.1645798683166504	-2.264880657196045	2.601576805114746
FGSG_05046	-0.64796734		-0.8092122077941895	-2.5085573196411133	-3.3538291454315186	-3.1453163623809814	-3.116015672683716	-0.08423137664794922	0.0419001579284668	-0.5990457534790039	0.9014968872070312	-0.7229299545288086	-1.1454534530639648	1.0484671592712402	-1.254159927368164	-1.1920866966247559	0.36450910568237305	-0.34986114501953125	-0.48952388763427734	-0.18306684494018555	0.5986638069152832	-0.6396527290344238	0.4489912986755371	1.3266639709472656	1.0662236213684082	3.29168701171875	2.412867546081543	4.431797504425049	3.2938342094421387		-2.7567663192749023	-0.23828983306884766	0.24995660781860352	-0.06477642059326172	-3.1125831604003906	-1.3761301040649414	4.035373210906982	0.9873332977294922	4.492310523986816	4.043506622314453	4.669280052185059	4.5973968505859375	3.7059402465820312	5.944016933441162	5.410316467285156	4.727597236633301	5.833320617675781	4.005669593811035	1.6654181480407715	1.747483253479004	3.238104820251465	2.6751465797424316	1.641146183013916	1.5998992919921875	0.6202168464660645
FGSG_06466	-0.40555835		-0.045649051666259766	-0.7672410011291504	-1.0380620956420898	-1.1645336151123047	-0.5908126831054688	0.3724708557128906	0.07666730880737305	1.9535865783691406	0.686039924621582	0.04641008377075195	0.31121301651000977	1.809420108795166	0.524806022644043	0.6793560981750488	0.3594951629638672	0.23121047019958496	1.5510632991790771	-0.9841938018798828	1.0851268768310547	-0.6441879272460938	-0.2146472930908203	1.3682441711425781	2.6597771644592285	5.030242443084717	4.273723125457764	4.743253231048584	1.0589399337768555		-0.28152918815612793	-0.3007776737213135	0.018756389617919922	0.21999073028564453	-4.120152950286865	0.08852005004882812	1.3140249252319336	1.2770929336547852	2.5873498916625977	1.7747163772583008	2.0743398666381836	1.478013038635254	3.0124669075012207	1.045623779296875	2.8170666694641113	2.7923502922058105	3.6933798789978027	1.1138429641723633	0.661381721496582	0.6274166107177734	2.0902328491210938	-1.439237117767334	0.4454631805419922	-1.2044010162353516	1.0193099975585938
FGSG_06609	-0.6785021		-0.5689375400543213	-0.6674301624298096	-0.6774275302886963	-0.3406178951263428	0.7505390644073486	-0.6846566200256348	-1.4876251220703125	-4.154963493347168	-0.47904348373413086	1.198119878768921	0.9214766025543213	0.047063350677490234	1.3871300220489502	1.7978169918060303	-1.6880600452423096	-0.6715478897094727	-1.5632200241088867	-0.3266165256500244	0.24619054794311523	-1.0720922946929932	-0.7018394470214844	0.7826004028320312	0.9087066650390625	3.594409942626953	3.8038368225097656	3.406463623046875	3.9350204467773438		-1.8812875747680664	-0.9614434242248535	0.458099365234375	-0.30254030227661133	-1.3304133415222168	1.0574464797973633	0.4394533634185791	0.9192335605621338	2.023183584213257	1.775512933731079	2.2578065395355225	1.5011932849884033	1.9569599628448486	1.5134069919586182	1.2441933155059814	1.20986008644104	2.659350633621216	1.0846397876739502	1.364370346069336	1.4126577377319336	1.4516568183898926	1.8457367420196533	0.538973331451416	0.7412595748901367	1.5088703632354736
FGSG_07562	-0.39596415		-3.8475842475891113	-3.8604390621185303	-4.0164642333984375	-4.023434162139893	-4.11680793762207	-1.1507329940795898	-3.338405132293701	-4.380313873291016	-6.9400482177734375	-0.39722704887390137	-0.5210368633270264	-0.09844374656677246	0.33902978897094727	0.27204322814941406	-0.0987253189086914	-0.9009289741516113	-0.42385339736938477	-0.3672635555267334	0.24030685424804688	-0.4770064353942871	-0.36249661445617676	0.2621002197265625	0.1946702003479004	0.15307354927062988	0.20819520950317383	0.40891361236572266	0.6556882858276367		-0.5197033882141113	-0.49230527877807617	-0.14055657386779785	-2.5782432556152344	-3.2914071083068848	-0.39134740829467773	-0.006620645988732576	0.33260297775268555	2.6098930835723877	2.2307403087615967	1.5054528713226318	1.0025665760040283	2.6921894550323486	4.884606838226318	0.9644534587860107	3.262882947921753	3.809842824935913	0.8163197040557861	0.552678108215332	0.45264530181884766	1.0488810539245605	1.7884869575500488	-0.5485138893127441	-0.6521139144897461	0.4229462146759033
FGSG_07896	-3.009985		-3.58364200592041	-5.433218002319336	-5.718995094299316	-5.320572376251221	-4.496651649475098	-1.6216859817504883	-5.463507652282715	-0.26401233673095703	-6.921489238739014	-1.8857300281524658	-1.6995768547058105	0.95147705078125	-1.4649367332458496	-0.662846565246582	-1.80696439743042	-2.202808380126953	-1.3294882774353027	-0.6959834098815918	2.2625937461853027	-3.0124669075012207	-1.352856159210205	2.5046935081481934	4.653347015380859	1.1394968032836914	-0.22737979888916016	0.15006327629089355	6.081032752990723		-3.639813184738159	-3.1413259506225586	-0.5354471206665039	-3.713512897491455	-3.8282461166381836	-0.8806829452514648	1.7861285209655762	1.924116611480713	3.1806235313415527	3.0428872108459473	2.7934632301330566	1.9373559951782227	4.083237171173096	6.642420291900635	4.354146480560303	5.240167140960693	4.918216228485107	2.646655559539795	0.012247562408447266	0.05606269836425781	2.1425704956054688	1.871659755706787	-0.44858741760253906	-0.7094836235046387	0.5089402198791504
FGSG_07988	0.5812614		-5.483243465423584	-5.7737321853637695	-6.098916530609131	-5.778543949127197	-5.977440357208252	0.030792236328125	-3.0266923904418945	-4.555882930755615	-4.39249324798584	-0.6218705177307129	0.04003000259399414	0.4929661750793457	-1.1156668663024902	-0.7124733924865723	0.6507327556610107	-0.16065621376037598	0.8120815753936768	-0.3681373596191406	0.5271601676940918	0.43961262702941895	-0.0356597900390625	0.6583633422851562	0.5366435050964355	1.6429071426391602	2.6370601654052734	4.126789569854736	-0.026460647583007812		0.058974266052246094	0.1853787899017334	0.9091062545776367	0.37967872619628906	-1.8979568481445312	-0.5017623901367188	-0.346325159072876	2.7850866317749023	3.9955835342407227	3.84548282623291	3.8259592056274414	3.6636228561401367	4.580853462219238	6.445223808288574	4.4844160079956055	5.263175964355469	5.036286354064941	2.54007625579834	-0.5348930358886719	-0.34169578552246094	2.036299705505371	2.9709272384643555	0.44891929626464844	-0.829803466796875	2.3654298782348633
FGSG_08023	0.47371793		-4.63830041885376	-5.1868391036987305	-4.806300640106201	-4.083029747009277	-2.80198335647583	-0.33376312255859375	-5.421939849853516	-2.9373464584350586	-2.0525360107421875	-0.8248734474182129	-0.9602565765380859	1.5817298889160156	0.4951934814453125	1.0305194854736328	1.022803544998169	-0.534109354019165	-0.18630599975585938	-1.1639599800109863	0.3475167751312256	0.019928932189941406	-0.11796259880065918	0.3216733932495117	0.4988431930541992	0.0939168930053711	0.7615001201629639	2.347170114517212	-0.049883127212524414		0.441896915435791	-0.023985862731933594	-0.49195384979248047	-0.41187000274658203	0.04876995086669922	0.12105751037597656	-0.1235499382019043	-1.087313175201416	1.0397868156433105	2.516246795654297	2.837113380432129	2.6311893463134766	-0.44770002365112305	4.427850246429443	1.190659999847412	1.7170534133911133	2.7347536087036133	3.3544163703918457	-0.3157048225402832	-0.255582332611084	2.2343363761901855	5.116499423980713	1.1601200103759766	4.861433506011963	-0.4091501235961914
FGSG_08077	0.42240095		-4.569278240203857	-6.205077648162842	-5.4222588539123535	-5.910599231719971	-6.552018642425537	0.08583545684814453	-4.807791709899902	-4.185173034667969	-6.0135297775268555	-2.746642827987671	0.1838541030883789	1.9185261726379395	-0.7729263305664062	-1.8847360610961914	0.8212661743164062	2.7620792388916016	-0.9274559020996094	-1.1708760261535645	2.2773003578186035	-0.6405472755432129	2.7293968200683594	2.710732936859131	2.4304637908935547	1.8918275833129883	3.045642852783203	3.5261807441711426	-1.1995065212249756		-2.4932053089141846	-0.054701805114746094	-0.2982759475708008	0.11231708526611328	0.6078920364379883	0.7886800765991211	-0.1915144920349121	3.708779811859131	4.151930332183838	3.577637195587158	3.616793155670166	3.670773983001709	4.452203273773193	4.5023603439331055	3.704733371734619	4.434736728668213	4.37533712387085	2.6632237434387207	0.14984750747680664	0.13444995880126953	1.9776206016540527	3.11124324798584	-0.2268829345703125	2.2506637573242188	0.30399036407470703
FGSG_08078	1.1652102		-4.0956645011901855	-4.921082496643066	-4.843353748321533	-5.00832462310791	-5.881097316741943	-0.12188053131103516	-4.334916114807129	-1.852696418762207	-6.63115930557251	-1.2961201667785645	-0.20910024642944336	2.0177063941955566	0.6273236274719238	-1.1108770370483398	0.9749031066894531	2.0236754417419434	-0.6870231628417969	-0.7175502777099609	0.5298910140991211	-0.2759056091308594	2.2289071083068848	0.5951509475708008	0.7341837882995605	1.4278264045715332	2.1984634399414062	3.0577902793884277	-0.40539979934692383		-1.2940399646759033	-0.23479747772216797	-0.6679301261901855	-0.202056884765625	-0.059622764587402344	0.4142894744873047	0.28722333908081055	2.2502799034118652	3.13997220993042	2.896416187286377	2.908059597015381	2.831699848175049	3.4059901237487793	4.00398588180542	2.247209072113037	3.224815845489502	3.59462308883667	2.969116687774658	0.21024513244628906	0.18747234344482422	1.7467365264892578	3.701018810272217	-0.15876388549804688	2.9982900619506836	0.3518867492675781
FGSG_08079	1.8888538		-5.622927665710449	-5.887277603149414	-5.786025047302246	-5.799960136413574	-5.912614822387695	0.5753936767578125	-0.8108725547790527	-4.490383148193359	-1.6105265617370605	0.4940834045410156	2.4068338871002197	0.06594038009643555	1.852076768875122	1.2811801433563232	0.18909573554992676	0.20149517059326172	0.2246859073638916	-0.13221001625061035	0.11316990852355957	0.37315940856933594	4.124563217163086	0.11625003814697266	-0.10613012313842773	0.06224679946899414	0.1478867530822754	0.34610652923583984	-0.050226688385009766		0.3446815013885498	0.46195268630981445	0.06848669052124023	0.5083904266357422	1.4367265701293945	1.9981145858764648	-0.21538329124450684	5.725860595703125	5.983707427978516	5.842007637023926	5.789510726928711	5.490564346313477	6.592376708984375	7.873737812042236	6.17173957824707	6.588383674621582	6.799613952636719	2.7415568828582764	1.6992721557617188	1.6792097091674805	4.060230255126953	0.6119909286499023	1.1088600158691406	-0.12137317657470703	2.0596201419830322
FGSG_08080	0.7576654		-4.156857490539551	-4.266884803771973	-4.356744766235352	-4.03955078125	-4.241921424865723	0.29479026794433594	-1.459092140197754	-2.5211498737335205	-3.8460633754730225	0.49125003814697266	0.8663201332092285	0.18192338943481445	1.7187669277191162	1.579859972000122	-0.38230419158935547	-0.05783224105834961	-0.266463041305542	0.13060355186462402	-0.07354998588562012	-0.1821291446685791	2.3280365467071533	0.024566650390625	0.011616945266723633	0.024606704711914062	-0.014913320541381836	2.07850980758667	0.14979016780853271		-0.11582612991333008	-0.07430386543273926	0.058349609375	0.17889976501464844	0.7965397834777832	1.790410041809082	-0.05730485916137695	1.3868467807769775	2.1107466220855713	1.7412998676300049	2.2345364093780518	1.8531067371368408	2.66644024848938	3.5647499561309814	2.28788685798645	2.1944563388824463	2.906836748123169	3.0305368900299072	1.3028745651245117	1.3943595886230469	1.8548884391784668	1.036933183670044	1.600830078125	-0.10429978370666504	1.6731202602386475
FGSG_08081	0.56495667		-6.294954299926758	-6.288808822631836	-6.536167144775391	-6.007535457611084	-6.124744415283203	0.43433666229248047	-0.4992799758911133	-5.950009822845459	-1.6444897651672363	1.2295799255371094	2.761776924133301	-0.1569967269897461	0.8734736442565918	0.35396671295166016	-0.30951499938964844	-0.16383790969848633	-0.0983421802520752	-0.22162294387817383	0.2091965675354004	0.23421669006347656	6.404236793518066	0.40272974967956543	0.12819314002990723	0.23299622535705566	0.16675972938537598	0.2096729278564453	-0.07907724380493164		0.11294364929199219	-0.23607492446899414	-0.11840295791625977	0.35644054412841797	1.4938793182373047	1.837503433227539	-0.11962532997131348	6.073973178863525	6.263343334197998	5.922186374664307	6.056236743927002	5.9863972663879395	6.992740154266357	8.482986450195312	6.153517246246338	7.147240161895752	7.409423351287842	3.5636672973632812	2.5446548461914062	2.442629814147949	4.962219715118408	-0.05493021011352539	2.3045334815979004	-0.1896967887878418	2.142666816711426
FGSG_08082	-0.024217606		-5.063121795654297	-5.228542804718018	-4.9747819900512695	-4.55225133895874	-5.134005546569824	0.36865806579589844	-0.1856374740600586	-4.901546478271484	-0.49861693382263184	0.7435965538024902	2.8342032432556152	-0.0692136287689209	3.762119770050049	2.9987564086914062	-0.050110816955566406	-0.3086583614349365	-0.23360681533813477	-0.1018836498260498	0.26195645332336426	-0.19333648681640625	2.9762814044952393	0.08015656471252441	0.18414688110351562	-0.23876333236694336	0.10141992568969727	-0.0731499195098877	0.07356643676757812		-0.15769028663635254	-0.2328944206237793	-0.043329715728759766	0.5202312469482422	1.379587173461914	1.9401569366455078	-0.14234328269958496	6.070240020751953	5.9839630126953125	5.646489143371582	5.892463684082031	5.81014347076416	6.945173263549805	7.742266654968262	6.321516990661621	6.397198677062988	6.664303779602051	3.359053134918213	2.3443222045898438	2.1186723709106445	4.141172409057617	0.2044234275817871	2.1120963096618652	-0.16065669059753418	2.0120596885681152
FGSG_08083	-0.22864628		-5.63725471496582	-5.832145690917969	-5.825701713562012	-5.711722373962402	-5.75914192199707	0.44461727142333984	-0.2689681053161621	-4.877620697021484	-0.376436710357666	2.121776580810547	2.96933650970459	-0.08275318145751953	1.3492531776428223	1.1282496452331543	-0.35804903507232666	-0.14534425735473633	-0.23374056816101074	-0.27883338928222656	0.1406400203704834	-0.11570143699645996	4.6030120849609375	-0.010843276977539062	-0.15967655181884766	-0.09251642227172852	-0.02510976791381836	0.016173362731933594	0.04868364334106445		-0.14220976829528809	-0.16513919830322266	0.05314970016479492	0.5102605819702148	1.3344621658325195	1.7044696807861328	-0.1733865737915039	4.90968656539917	4.897003650665283	4.631857395172119	6.5486602783203125	6.136816024780273	5.849416732788086	8.371623039245605	6.13387393951416	6.511336326599121	6.887582778930664	2.772843360900879	1.8282246589660645	2.0355796813964844	4.120381832122803	-0.1252765655517578	1.4559929370880127	0.0025200839154422283	2.337100028991699
FGSG_08084	0.14785624		-3.845869302749634	-3.8740882873535156	-3.9297025203704834	-3.6842920780181885	-3.5870625972747803	0.47736644744873047	-0.15154266357421875	-2.2909064292907715	-0.1755666732788086	1.1670162677764893	1.2744667530059814	0.06702661514282227	1.0435831546783447	1.0263831615447998	-0.02291703224182129	0.09899210929870605	-0.2850778102874756	-0.29749369621276855	0.3155968189239502	-0.2822260856628418	2.8058886528015137	0.4220268726348877	0.1687335968017578	0.14614343643188477	0.1425933837890625	0.22055315971374512	0.055590152740478516		-0.10517358779907227	-0.41077399253845215	0.10551643371582031	0.32133960723876953	1.381279468536377	2.512303352355957	0.055988311767578125	2.036179780960083	1.746642827987671	1.9586560726165771	4.1004133224487305	3.743579626083374	2.282306432723999	5.884909629821777	4.281966209411621	4.71738338470459	5.023276329040527	1.2280433177947998	2.0532798767089844	2.28275203704834	3.3679237365722656	-2.6000000070780516E-4	2.363744020462036	0.05655336380004883	1.8768165111541748
FGSG_09066	7.0454082		-6.580129146575928	-2.9039154052734375	-3.831592559814453	-2.6732702255249023	-4.805665969848633	0.04568004608154297	0.10175132751464844	0.06999683380126953	-4.439070701599121	-0.34470653533935547	0.3726062774658203	1.0479974746704102	3.414156436920166	-0.3096599578857422	2.5593745708465576	1.8763396739959717	0.9380557537078857	0.6418008804321289	-0.052613258361816406	7.033820152282715	5.18715763092041	0.6296896934509277	-0.7024564743041992	-0.6367766857147217	-0.9455099105834961	-0.09094667434692383	-0.942103385925293		4.324868202209473	0.2290048599243164	-0.20450973510742188	0.20137691497802734	-1.7202434539794922	-1.0961227416992188	-1.124993085861206	3.636889934539795	5.072582721710205	6.049159526824951	5.233530521392822	5.302180767059326	4.900184154510498	3.5636606216430664	5.463046550750732	6.198572635650635	5.945276737213135	5.009749889373779	-0.7085733413696289	-0.7458086013793945	-3.809999907389283E-4	3.1994075775146484	4.073573589324951	3.4018073081970215	3.1747937202453613
FGSG_09742	0.43506002		-1.0624117851257324	0.156646728515625	-0.07149171829223633	-0.6360964775085449	-1.5387811660766602	-0.05070304870605469	-0.9767851829528809	-0.9057149887084961	-1.4616937637329102	-0.7573733329772949	-0.7532997131347656	2.8851304054260254	0.5189766883850098	0.040496826171875	-0.004842520225793123	-0.5221710205078125	-0.44369006156921387	1.493420124053955	-3.1346402168273926	0.7555832862854004	1.6160097122192383	-2.23396635055542	-0.2915959358215332	5.973114013671875	2.4246666431427	4.083470344543457	0.02160024642944336		-0.3441801071166992	-0.6748805046081543	0.18667984008789062	-0.1111001968383789	-3.4320459365844727	-1.8029327392578125	1.7130334377288818	-0.09952688217163086	2.4243674278259277	2.7319469451904297	2.793013095855713	2.1622233390808105	1.4931297302246094	4.316030025482178	2.4440932273864746	2.517416477203369	4.294293403625488	3.690497398376465	-0.07170820236206055	0.15612220764160156	0.9877800941467285	0.45135974884033203	-0.16120338439941406	-1.6951570510864258	0.07516336441040039
FGSG_10397	-0.52755845		-0.25458216667175293	-0.14327430725097656	-0.6211051940917969	-0.4657919406890869	-0.45052194595336914	-5.11661958694458	-7.462438106536865	-5.386663913726807	-8.843247413635254	-0.048650264739990234	-0.22979998588562012	-0.15898680686950684	0.6791164875030518	0.5912964344024658	-0.5415575504302979	-0.27222132682800293	-0.3593043088912964	-0.37879347801208496	-0.11021018028259277	-0.5082461833953857	-0.48309004306793213	-0.1551198959350586	-0.617713212966919	-0.059076547622680664	0.10940694808959961	-0.10518312454223633	-0.060559749603271484		-0.40104711055755615	-0.3467355966567993	0.008829593658447266	-5.4838433265686035	-4.529480457305908	-0.18001079559326172	-0.1475365161895752	1.7631633281707764	3.9221031665802	3.805913209915161	2.8857734203338623	2.0720765590667725	4.185672760009766	5.732920169830322	4.481536865234375	5.017490386962891	5.991186141967773	0.6302666664123535	1.6008074283599854	1.7240173816680908	2.08313250541687	-0.10696029663085938	0.9842462539672852	0.036106109619140625	1.3802831172943115
FGSG_10587	-0.110927105		1.4286127090454102	-1.638869047164917	-1.6327905654907227	-1.7359881401062012	-1.8375375270843506	0.08356380462646484	4.355795860290527	-4.755220890045166	-0.8554067611694336	-0.3321194648742676	-0.9848494529724121	2.311737060546875	0.13360023498535156	-0.047792911529541016	0.07212972640991211	0.23197484016418457	-0.11984896659851074	0.4641242027282715	-0.8461437225341797	-0.01848912239074707	-0.13630175590515137	-1.284336805343628	-1.8276903629302979	1.8068666458129883	0.03199505805969238	1.2683331966400146	0.51273512840271		0.29424047470092773	-0.08505749702453613	0.31702661514282227	-0.08210277557373047	-4.3833441734313965	0.044419288635253906	0.19071674346923828	0.3320770263671875	3.2871131896972656	3.4089107513427734	2.4160075187683105	1.921560287475586	2.852597236633301	5.652396202087402	2.8656368255615234	3.9653267860412598	4.880711078643799	0.0975503921508789	-2.8389248847961426	-2.9278526306152344	-1.731886386871338	0.25943994522094727	1.2586159706115723	-0.2993500232696533	0.46460723876953125
FGSG_10675	0.15593874		-2.567842721939087	-2.843639373779297	-2.568772554397583	-2.5518593788146973	-2.7980825901031494	0.6325902938842773	-0.31438446044921875	-4.655789375305176	-0.09806680679321289	0.15671300888061523	1.5754001140594482	-0.19464349746704102	2.291066884994507	1.6993863582611084	-0.16363811492919922	-0.06400120258331299	-0.06540298461914062	-0.2838301658630371	-0.1153566837310791	0.027048110961914062	0.01325082778930664	0.011473417282104492	-0.08521652221679688	-0.05255007743835449	-0.13189005851745605	-0.26862001419067383	-0.016803264617919922		0.2132052183151245	-0.08364367485046387	0.10895991325378418	0.43479347229003906	-3.351489543914795	1.343587875366211	-0.42923176288604736	5.077639579772949	5.873723030090332	5.0715789794921875	4.5014495849609375	4.1627397537231445	6.437689781188965	8.256226539611816	6.50153923034668	6.542762756347656	6.929018974304199	1.10202956199646	1.5262823104858398	1.3727197647094727	3.0247912406921387	0.021840333938598633	1.60621976852417	0.048743247985839844	1.7579162120819092
FGSG_10974	-0.19070816		-4.31411600112915	-5.530689716339111	-5.125412940979004	-3.288597583770752	-3.246039867401123	-0.5384302139282227	-2.5490427017211914	-4.570229530334473	-3.6842269897460938	-1.2078869342803955	-0.346646785736084	3.1186957359313965	2.3491663932800293	1.5882368087768555	-0.5747814178466797	1.0209341049194336	1.0272340774536133	0.055913448333740234	3.1030659675598145	-0.9539155960083008	2.668674945831299	6.887886047363281	3.1001763343811035	5.668906211853027	5.011499404907227	5.776419639587402	4.335140228271484		-0.2850489616394043	-0.5178241729736328	-0.36609649658203125	-0.5189580917358398	-1.1902523040771484	-1.9452457427978516	0.5618283748626709	3.9612832069396973	4.396460056304932	4.540283679962158	4.537497043609619	4.657623767852783	5.048486232757568	2.8190603256225586	5.124022006988525	5.6150898933410645	5.9765706062316895	3.2736992835998535	-2.9661779403686523	-3.1113405227661133	0.648777961730957	-2.0605602264404297	-2.6180362701416016	-5.563662528991699	2.418099880218506
FGSG_11046	-0.071820736		-1.423255205154419	-1.2032594680786133	-1.387441873550415	-1.1895599365234375	-1.065035104751587	0.0899343490600586	-0.17247486114501953	-6.0836615562438965	-0.11926984786987305	0.5397500991821289	0.8538234233856201	0.01455998420715332	1.2362799644470215	1.1140468120574951	-0.09001350402832031	-0.17949366569519043	0.29283595085144043	-0.07086300849914551	0.455763578414917	-0.017444849014282227	0.3150634765625	0.2412099838256836	-0.04642629623413086	0.21561002731323242	0.17856669425964355	1.3766334056854248	0.36972689628601074		0.08826160430908203	-0.22707414627075195	-0.7801735401153564	-0.2244091033935547	-0.45578479766845703	-1.2989444732666016	-0.34433817863464355	1.629453182220459	4.449753284454346	4.825150012969971	5.742119789123535	5.5931806564331055	4.211623668670654	6.512403964996338	4.819636821746826	5.397286415100098	6.18099308013916	4.69114351272583	1.8451275825500488	1.917222023010254	2.847353935241699	-0.2570765018463135	2.098457098007202	0.5329701900482178	1.3698034286499023
FGSG_11542	0.061097622		-1.283503532409668	-1.2508435249328613	-1.5020534992218018	-1.0354719161987305	-1.0266304016113281	0.227630615234375	-0.5683002471923828	-3.407656192779541	2.994670867919922	0.9993596076965332	1.1248035430908203	0.08683657646179199	0.797569751739502	0.8678765296936035	0.3782508373260498	0.3175497055053711	0.008440494537353516	-0.3921067714691162	1.6176235675811768	0.3539876937866211	0.17801475524902344	3.2050931453704834	0.6227371692657471	4.336359977722168	4.265673637390137	2.5876271724700928	0.6221799850463867		0.05034589767456055	0.2133464813232422	-0.5891666412353516	-0.031466007232666016	-0.1295785903930664	-1.1456427574157715	-0.279681921005249	0.781646728515625	1.386976718902588	1.0593466758728027	2.8284363746643066	2.631420135498047	0.823890209197998	3.6261096000671387	2.962210178375244	2.969616413116455	3.221543788909912	1.0572566986083984	2.3641772270202637	2.3880820274353027	2.5104165077209473	-0.1562037467956543	-0.22482061386108398	-2.8233299255371094	2.7514567375183105
